1.857596371882086206e-01
7.662585034013605911e-01
1.323537414965986425e+00
1.904036281179138257e+00
2.461315192743763980e+00
3.018594104308390147e+00
3.575873015873015870e+00
4.133151927437642037e+00
4.713650793650793425e+00
5.270929705215419148e+00
5.804988662131519206e+00
6.362267573696144929e+00
6.942766439909297205e+00
7.500045351473922928e+00
8.057324263038548651e+00
8.614603174603175262e+00
9.195102040816326650e+00
9.752380952380953261e+00
1.030965986394557810e+01
1.086693877551020471e+01
1.142421768707482954e+01
1.198149659863945615e+01
1.246911564625850311e+01
1.295673469387755183e+01
1.349079365079365012e+01
1.404807256235827673e+01
1.462857142857142811e+01
1.518585034013605473e+01
1.574312925170067956e+01
1.630040816326530617e+01
1.685768707482993278e+01
1.741496598639455939e+01
1.799546485260771078e+01
1.855274376417233384e+01
1.911002267573696045e+01
1.969052154195011184e+01
2.024780045351473845e+01
2.080507936507936506e+01
2.136235827664399167e+01
2.191963718820861828e+01
2.250013605442176967e+01
2.305741496598639628e+01
2.361469387755101934e+01
2.417197278911564595e+01
2.472925170068027256e+01
2.528653061224489917e+01
2.575092970521541957e+01
2.623854875283446830e+01
2.679582766439909136e+01
2.728344671201814009e+01
2.774784580498866049e+01
2.830512471655328710e+01
2.888562358276643849e+01
2.944290249433106510e+01
3.009306122448979437e+01
3.071999999999999886e+01
3.130049886621315025e+01
3.176489795918367420e+01
3.222929705215419460e+01
3.278657596371881766e+01
3.325097505668934161e+01
3.373859410430839034e+01
3.429587301587301340e+01
3.487637188208616834e+01
3.543365079365079140e+01
3.599092970521542156e+01
3.654820861678004462e+01
3.710548752834466768e+01
3.766276643990929784e+01
3.824326530612244568e+01
3.880054421768707584e+01
3.954358276643991132e+01
4.010086167800453438e+01
4.065814058956916455e+01
4.123863945578231238e+01
4.179591836734693544e+01
4.237641723356009038e+01
4.293369614512471344e+01
4.349097505668934360e+01
4.407147392290249144e+01
4.462875283446712160e+01
4.518603174603174466e+01
4.574331065759637482e+01
4.630058956916099788e+01
4.688108843537415282e+01
4.743836734693877588e+01
4.799564625850339894e+01
4.855292517006802910e+01
4.913342403628117694e+01
4.969070294784580710e+01
5.024798185941043016e+01
5.080526077097505322e+01
5.136253968253968338e+01
5.194303854875283122e+01
5.250031746031746138e+01
5.305759637188208444e+01
5.361487528344671460e+01
5.419537414965986244e+01
5.484553287981859171e+01
5.549569160997732098e+01
5.605297052154195114e+01
5.661024943310657420e+01
5.719074829931972914e+01
5.774802721088435220e+01
5.830530612244898236e+01
5.886258503401360542e+01
5.941986394557822848e+01
6.000036281179138342e+01
6.055764172335600648e+01
6.111492063492063664e+01
6.167219954648525970e+01
6.225269841269841464e+01
6.280997732426303770e+01
6.336725623582766787e+01
6.392453514739229092e+01
6.448181405895691398e+01
6.506231292517006182e+01
6.561959183673469909e+01
6.617687074829932214e+01
6.673414965986394520e+01
6.729142857142856826e+01
6.775582766439909221e+01
6.824344671201814094e+01
6.880072562358276400e+01
6.926512471655328795e+01
6.972952380952381191e+01
7.028680272108843496e+01
7.086730158730158280e+01
7.144780045351474485e+01
7.209795918367346701e+01
7.272489795918367861e+01
7.328217687074830167e+01
7.374657596371882562e+01
7.423419501133787435e+01
7.479147392290249741e+01
7.527909297052154614e+01
7.574349206349207009e+01
7.630077097505669315e+01
7.688126984126984098e+01
7.743854875283446404e+01
7.799582766439908710e+01
7.855310657596372437e+01
7.911038548752834743e+01
7.966766439909297048e+01
8.022494331065759354e+01
8.080544217687074138e+01
8.154848072562357686e+01
8.210575963718821413e+01
8.266303854875283719e+01
8.322031746031746025e+01
8.377759637188208330e+01
