2.484535147392290089e+00
4.667210884353741207e+00
6.571247165532879464e+00
8.452063492063492944e+00
1.030965986394557810e+01
1.219047619047618980e+01
1.411773242630385461e+01
1.604498866213151942e+01
1.797224489795918245e+01
1.985306122448979593e+01
2.178031746031745897e+01
2.368435374149659722e+01
2.561160997732426381e+01
2.742276643990929585e+01
2.935002267573696244e+01
3.118439909297052282e+01
3.318131519274376728e+01
3.506213151927437366e+01
3.698938775510204380e+01
3.900952380952381304e+01
4.100643990929705041e+01
4.300335600907029487e+01
4.504671201814058890e+01
4.706684807256235814e+01
4.906376417233560261e+01
5.103746031746031520e+01
5.305759637188208444e+01
5.498485260770974747e+01
5.677278911564626185e+01
5.856072562358276912e+01
6.051120181405895693e+01
6.239201814058957041e+01
6.431927437641724055e+01
6.620009070294784692e+01
6.819700680272109139e+01
7.019392290249433586e+01
7.216761904761904134e+01
7.411809523809523625e+01
7.597569160997731785e+01
7.787972789115646322e+01
7.973732426303854481e+01
8.159492063492064062e+01
8.354539682539682133e+01
8.535655328798185337e+01
8.726058956916099874e+01
8.916462585034012989e+01
9.104544217687075047e+01
9.292625850340135685e+01
9.483029478458050221e+01
9.668789115646258381e+01
9.852226757369614063e+01
1.004495238095238108e+02
1.022839002267573676e+02
1.042575963718820873e+02
1.060687528344671193e+02
1.081121088435374133e+02
1.101090249433106578e+02
1.121291609977324271e+02
1.141725170068027211e+02
1.162390929705215399e+02
1.182824489795918339e+02
1.203025850340136031e+02
1.223923809523809467e+02
1.243892970521541912e+02
1.262004535147392232e+02
1.280580498866213190e+02
1.299388662131519254e+02
1.318893424036281203e+02
1.337469387755102161e+02
1.356045351473922835e+02
1.374389115646258404e+02
