1.764716553287981826e+00
2.159455782312925010e+00
2.554195011337868415e+00
2.972154195011337929e+00
3.413333333333333552e+00
3.831292517006802623e+00
4.249251700680272137e+00
4.690430839002267760e+00
5.131609977324263383e+00
5.572789115646258118e+00
5.990748299319728076e+00
6.408707482993197146e+00
6.849886621315192770e+00
7.267845804988661840e+00
7.639365079365079580e+00
8.034104308390022098e+00
8.405623582766439839e+00
8.777142857142857579e+00
9.218321995464853202e+00
9.636281179138322273e+00
1.005424036281179134e+01
1.047219954648526041e+01
1.089015873015872948e+01
1.130811791383220033e+01
1.174929705215419418e+01
1.219047619047618980e+01
1.263165532879818542e+01
1.307283446712018105e+01
1.349079365079365012e+01
1.390875283446712096e+01
1.434993197278911481e+01
1.476789115646258566e+01
1.518585034013605473e+01
1.560380952380952380e+01
1.602176870748299464e+01
1.643972789115646194e+01
1.688090702947845756e+01
1.729886621315192841e+01
1.774004535147392403e+01
1.818122448979591965e+01
1.859918367346938695e+01
1.904036281179138257e+01
1.943510204081632509e+01
1.987628117913832071e+01
2.029424036281179156e+01
2.068897959183673407e+01
2.108371882086167659e+01
2.147845804988662266e+01
2.189641723356008995e+01
2.231437641723356080e+01
2.275555555555555642e+01
2.317351473922902372e+01
2.354503401360544146e+01
2.393977324263038398e+01
2.433451247165533005e+01
2.472925170068027256e+01
2.512399092970521508e+01
2.554195011337868593e+01
2.593668934240362844e+01
2.630820861678004619e+01
2.672616780045351348e+01
2.716734693877550910e+01
2.758530612244897995e+01
2.802648526077097557e+01
2.844444444444444287e+01
2.888562358276643849e+01
2.930358276643990934e+01
2.974476190476190496e+01
3.018594104308390058e+01
3.060390022675736788e+01
3.104507936507936350e+01
3.148625850340135912e+01
3.190421768707482997e+01
3.234539682539682559e+01
3.278657596371881766e+01
3.320453514739229206e+01
3.364571428571428413e+01
3.406367346938775853e+01
3.448163265306122582e+01
3.492281179138321789e+01
3.536399092970521707e+01
3.578195011337868436e+01
3.622312925170068354e+01
3.664108843537415083e+01
3.705904761904761813e+01
3.747700680272108542e+01
3.787174603174603504e+01
3.828970521541950234e+01
3.870766439909296963e+01
3.914884353741496881e+01
3.956680272108843610e+01
4.000798185941042817e+01
4.044916099773242735e+01
4.086712018140589464e+01
4.130829931972789382e+01
4.172625850340136111e+01
4.214421768707482840e+01
4.258539682539682758e+01
4.302657596371881965e+01
4.344453514739228694e+01
4.386249433106576134e+01
4.430367346938775341e+01
4.472163265306122781e+01
4.513959183673469511e+01
4.558077097505668718e+01
4.599873015873016158e+01
4.643990929705215365e+01
4.685786848072562094e+01
4.729904761904762012e+01
4.771700680272108741e+01
4.815818594104308659e+01
4.857614512471655388e+01
4.901732426303854595e+01
4.943528344671202035e+01
4.987646258503401242e+01
5.029442176870747971e+01
5.073560090702947889e+01
5.115356009070294618e+01
5.159473922902494536e+01
5.201269841269841265e+01
5.245387755102040472e+01
5.287183673469387912e+01
5.331301587301587119e+01
5.373097505668934559e+01
5.417215419501133766e+01
5.456689342403628018e+01
5.500807256235827936e+01
5.542603174603174665e+01
5.586721088435373872e+01
5.628517006802721312e+01
5.672634920634920519e+01
5.714430839002267248e+01
5.758548752834467166e+01
5.800344671201813895e+01
5.844462585034013813e+01
5.886258503401360542e+01
5.930376417233559749e+01
5.972172335600907189e+01
6.016290249433106396e+01
6.058086167800453836e+01
6.102204081632653043e+01
6.143999999999999773e+01
6.188117913832199690e+01
6.229913832199546420e+01
6.274031746031746337e+01
6.315827664399093067e+01
6.359945578231292274e+01
6.401741496598639003e+01
6.445859410430838921e+01
6.487655328798186360e+01
6.529451247165532379e+01
6.571247165532879819e+01
6.615365079365079737e+01
6.657160997732425756e+01
6.701278911564625673e+01
6.743074829931973113e+01
6.787192743764173031e+01
6.828988662131519050e+01
6.873106575963718967e+01
6.914902494331066407e+01
6.959020408163264904e+01
7.000816326530612344e+01
7.044934240362812261e+01
7.086730158730158280e+01
7.130848072562358198e+01
7.172643990929705637e+01
7.216761904761904134e+01
7.258557823129251574e+01
7.302675736961451491e+01
7.344471655328797510e+01
7.386267573696144950e+01
7.428063492063492390e+01
7.472181405895692308e+01
7.513977324263038327e+01
7.558095238095238244e+01
7.599891156462585684e+01
7.644009070294784181e+01
7.685804988662131620e+01
7.729922902494331538e+01
7.771718820861677557e+01
7.815836734693877474e+01
7.857632653061224914e+01
7.899428571428570933e+01
7.936580498866213418e+01
7.973732426303854481e+01
8.010884353741496966e+01
8.052680272108842985e+01
8.094476190476190425e+01
8.136272108843537865e+01
8.180390022675736361e+01
8.222185941043083801e+01
8.266303854875283719e+01
8.308099773242629738e+01
8.352217687074829655e+01
8.394013605442177095e+01
8.438131519274377013e+01
8.479927437641723031e+01
8.524045351473922949e+01
8.565841269841270389e+01
8.609959183673468885e+01
8.651755102040816325e+01
8.693551020408163765e+01
8.737668934240362262e+01
8.779464852607709702e+01
8.821260770975057142e+01
8.865378684807255638e+01
8.909496598639455556e+01
8.951292517006802996e+01
8.993088435374149014e+01
9.034884353741496454e+01
9.079002267573696372e+01
9.123120181405896290e+01
9.164916099773242308e+01
9.209034013605442226e+01
9.250829931972789666e+01
9.294947845804988162e+01
9.336743764172335602e+01
9.380861678004535520e+01
9.422657596371881539e+01
9.466775510204081456e+01
9.508571428571428896e+01
9.552689342403628814e+01
9.594485260770974833e+01
9.638603174603174750e+01
9.680399092970522190e+01
9.724517006802720687e+01
9.766312925170068127e+01
9.808108843537415567e+01
9.852226757369614063e+01
9.894022675736961503e+01
9.935818594104308943e+01
9.979936507936507439e+01
1.002405442176870736e+02
1.006585034013605480e+02
1.010764625850340082e+02
1.015176417233560073e+02
1.019356009070294817e+02
1.023767800453514809e+02
1.027947392290249411e+02
1.032359183673469403e+02
1.036538775510204147e+02
1.040950566893423996e+02
1.045130158730158740e+02
1.049541950113378732e+02
1.053721541950113334e+02
1.057901133786848078e+02
1.062080725623582822e+02
1.066492517006802672e+02
1.070904308390022663e+02
1.075083900226757407e+02
1.079495691609977257e+02
1.083675283446712001e+02
1.088087074829931993e+02
1.092266666666666737e+02
1.096678458049886586e+02
1.100858049886621330e+02
1.105037641723356074e+02
1.109449433106575924e+02
1.113629024943310668e+02
1.118040816326530660e+02
1.122220408163265262e+02
1.126632199546485253e+02
1.130811791383219997e+02
1.135223582766439847e+02
1.139403174603174591e+02
1.143814965986394583e+02
1.147994557823129185e+02
1.152174149659863929e+02
1.156585941043083920e+02
1.160765532879818664e+02
1.165177324263038514e+02
1.169356916099773258e+02
1.173536507936508002e+02
1.177948299319727852e+02
1.182360090702947844e+02
1.186539682539682588e+02
1.190951473922902437e+02
1.195131065759637181e+02
1.199542857142857173e+02
1.203722448979591775e+02
1.207902040816326519e+02
1.212313832199546511e+02
1.216493424036281112e+02
1.220905215419501104e+02
1.225084807256235848e+02
1.229496598639455840e+02
1.233676190476190442e+02
1.238087981859410434e+02
1.242267573696145178e+02
1.246447165532879779e+02
1.250858956916099771e+02
1.255038548752834515e+02
1.259450340136054365e+02
1.263629931972789109e+02
1.268041723356009101e+02
1.272221315192743702e+02
1.276633106575963694e+02
1.280812698412698296e+02
1.285224489795918430e+02
1.289404081632653174e+02
1.293815873015873024e+02
1.297995464852607768e+02
1.302175056689342512e+02
1.306586848072562361e+02
1.310766439909297105e+02
1.315178231292516955e+02
1.319357823129251699e+02
1.323769614512471549e+02
1.327717006802721187e+02
1.331896598639455647e+02
1.336308390022675781e+02
1.340952380952381020e+02
1.345131972789115764e+02
1.349543764172335614e+02
1.353723356009070358e+02
1.357902947845805102e+02
1.362314739229024951e+02
1.366726530612244801e+02
1.370906122448979545e+02
1.375085714285714289e+02
1.379497505668934139e+02
1.383677097505668883e+02
1.387856689342403627e+02
1.392268480725623476e+02
1.396680272108843610e+02
1.400859863945578354e+02
1.405039455782312814e+02
1.409451247165532948e+02
1.413630839002267692e+02
1.418042630385487541e+02
1.422222222222222285e+02
1.426634013605442135e+02
1.430813605442176879e+02
1.435225396825396729e+02
1.439404988662131473e+02
1.443816780045351607e+02
1.447996371882086066e+02
1.452408163265306200e+02
1.456587755102040944e+02
1.460999546485260794e+02
1.465179138321995538e+02
1.469358730158730282e+02
1.473538321995464742e+02
1.477950113378684875e+02
1.482361904761904725e+02
1.486541496598639469e+02
1.490721088435374213e+02
1.495132879818594063e+02
1.499312471655328807e+02
1.503724263038548656e+02
1.508136054421768790e+02
1.512315646258503534e+02
1.516727437641723384e+02
1.520907029478458128e+02
1.525086621315192872e+02
1.529498412698412722e+02
1.533678004535147466e+02
1.538089795918367315e+02
1.542269387755102059e+02
1.546681179138321909e+02
1.550860770975056653e+02
1.555272562358276502e+02
1.559452154195011246e+02
1.563631746031745990e+02
1.568043537414966124e+02
1.572223129251700584e+02
1.576634920634920718e+02
1.580814512471655462e+02
1.584994104308389922e+02
1.589405895691610056e+02
1.593817687074829905e+02
1.597997278911564649e+02
1.602409070294784499e+02
1.606588662131519243e+02
1.610768253968253987e+02
1.615180045351473836e+02
1.619359637188208580e+02
1.623771428571428430e+02
1.627951020408163174e+02
1.632362811791383308e+02
1.636542403628118052e+02
1.640954195011337902e+02
1.645133786848072646e+02
1.649545578231292495e+02
1.653725170068027239e+02
1.657904761904761983e+02
1.662316553287981833e+02
1.666496145124716577e+02
1.670907936507936427e+02
1.675087528344671171e+02
1.679267120181405915e+02
1.683678911564625764e+02
1.687858503401360508e+02
1.692270294784580358e+02
1.696449886621315102e+02
1.700861678004535236e+02
1.705041269841269980e+02
1.709453061224489829e+02
1.713864852607709679e+02
1.718044444444444423e+02
1.722224036281179167e+02
1.726635827664399017e+02
1.730815419501133761e+02
1.735227210884353610e+02
1.739406802721088354e+02
1.743818594104308488e+02
1.747998185941042948e+02
1.752409977324263082e+02
1.756589569160997826e+02
1.761001360544217675e+02
1.765180952380952419e+02
1.769360544217687163e+02
1.773772335600907013e+02
1.777951927437641757e+02
1.782363718820861607e+02
1.786543310657596351e+02
1.790722902494331095e+02
1.795134693877550944e+02
1.799314285714285688e+02
1.803726077097505538e+02
1.807905668934240282e+02
1.812317460317460416e+02
1.816497052154194876e+02
1.820908843537415009e+02
1.825088435374149753e+02
1.829268027210884213e+02
1.833679818594104347e+02
1.838091609977324197e+02
1.842271201814058941e+02
1.846682993197278790e+02
1.850862585034013534e+02
1.855274376417233668e+02
1.859453968253968128e+02
1.863633560090702872e+02
1.868045351473923006e+02
1.872224943310657466e+02
1.876636734693877600e+02
1.880816326530612344e+02
1.884995918367346803e+02
1.889407709750566937e+02
1.893587301587301681e+02
1.897999092970521531e+02
1.902178684807256275e+02
1.906590476190476124e+02
1.911002267573696258e+02
1.915181859410430718e+02
1.919361451247165462e+02
1.923773242630385596e+02
1.927952834467120056e+02
1.932364625850340190e+02
1.936544217687074934e+02
1.940723809523809393e+02
1.945135600907029527e+02
1.949547392290249377e+02
1.953726984126984121e+02
1.958138775510203970e+02
1.962318367346938714e+02
1.966497959183673458e+02
1.970909750566893308e+02
1.975089342403628052e+02
1.979268934240362796e+02
1.983680725623582646e+02
1.987860317460317390e+02
1.992272108843537524e+02
1.996451700680271983e+02
2.000863492063492117e+02
2.005043083900226861e+02
2.009454875283446711e+02
2.013634467120181455e+02
2.018046258503401305e+02
2.022225850340136049e+02
2.026637641723355898e+02
2.030817233560090642e+02
2.034996825396825386e+02
2.039408616780045236e+02
2.043588208616779980e+02
2.048000000000000114e+02
2.052179591836734573e+02
2.056591383219954707e+02
2.061003174603174557e+02
2.065182766439909301e+02
2.069362358276644045e+02
2.073774149659863895e+02
2.077953741496598639e+02
2.082365532879818488e+02
2.086545124716553232e+02
2.090956916099773366e+02
2.095136507936507826e+02
2.099316099773242570e+02
2.103727891156462704e+02
2.107907482993197164e+02
2.112319274376417297e+02
2.116498866213152041e+02
2.120910657596371891e+02
2.125090249433106635e+02
2.129502040816326485e+02
2.133681632653061229e+02
2.138093424036281078e+02
2.142273015873015822e+02
2.146452607709750566e+02
2.150864399092970416e+02
2.155043990929705160e+02
2.159455782312925294e+02
2.163635374149659754e+02
2.168047165532879887e+02
2.172226757369614631e+02
2.176406349206349091e+02
2.180818140589569225e+02
2.185229931972789075e+02
2.189409523809523819e+02
2.193589115646258563e+02
2.198000907029478412e+02
2.202412698412698546e+02
2.206592290249433006e+02
2.210771882086167750e+02
2.215183673469387884e+02
2.219363265306122344e+02
2.223775056689342478e+02
2.227954648526077222e+02
2.232134240362811681e+02
2.236546031746031815e+02
2.240957823129251665e+02
2.245137414965986409e+02
2.249317006802721153e+02
2.253728798185941002e+02
2.257908390022675746e+02
2.262320181405895596e+02
2.266499773242630340e+02
2.270911564625850474e+02
2.275091156462584934e+02
2.279038548752834572e+02
2.282985941043083926e+02
2.286701133786848175e+02
2.290648526077097529e+02
2.294595918367346883e+02
2.298775510204081627e+02
2.303187301587301477e+02
2.307366893424036220e+02
2.311546485260770964e+02
2.315958276643990814e+02
2.320137868480725558e+02
2.324549659863945692e+02
2.328729251700680152e+02
2.333141043083900286e+02
2.337320634920635030e+02
2.341732426303854879e+02
2.345912018140589623e+02
2.350323809523809473e+02
2.354503401360544217e+02
2.358915192743764067e+02
2.363094784580498811e+02
2.367274376417233555e+02
2.371686167800453404e+02
2.376097959183673538e+02
2.380277551020408282e+02
2.384457142857142742e+02
2.388868934240362876e+02
2.393048526077097620e+02
2.397228117913832079e+02
2.401639909297052213e+02
2.406051700680272063e+02
2.410231292517006807e+02
2.414410884353741551e+02
2.418822675736961401e+02
2.423002267573696145e+02
2.427414058956915994e+02
2.431593650793650738e+02
2.436005442176870872e+02
2.440185034013605332e+02
2.444596825396825466e+02
2.448776417233560210e+02
2.453188208616780059e+02
2.457367800453514803e+02
2.461779591836734653e+02
2.465959183673469397e+02
2.470138775510204141e+02
2.474550566893423991e+02
2.478730158730158735e+02
2.483141950113378584e+02
2.487321541950113328e+02
2.491733333333333462e+02
2.495912925170067922e+02
2.500324716553288056e+02
2.504504308390022800e+02
2.508916099773242649e+02
2.513095691609977393e+02
2.517275283446712137e+02
2.521687074829931987e+02
2.526098866213151837e+02
2.530278458049886581e+02
2.534458049886621325e+02
2.538869841269841174e+02
2.543049433106575918e+02
2.547229024943310662e+02
2.551640816326530512e+02
2.556052607709750646e+02
2.560232199546485390e+02
2.564411791383220134e+02
2.568823582766439699e+02
2.573003174603174443e+02
2.577414965986394577e+02
2.581594557823129321e+02
2.586006349206349455e+02
2.590185941043083631e+02
2.594597732426303764e+02
2.598777324263038508e+02
2.603189115646258642e+02
2.607368707482993386e+02
2.611780498866212952e+02
2.615960090702947696e+02
2.620139682539682440e+02
2.624551473922902574e+02
2.628731065759637318e+02
2.633142857142856883e+02
2.637322448979591627e+02
2.641502040816326371e+02
2.645913832199546505e+02
2.650325623582766639e+02
2.654505215419501383e+02
2.658684807256235558e+02
2.663096598639455692e+02
2.667276190476190436e+02
2.671687981859410570e+02
2.675867573696145314e+02
2.680279365079364879e+02
2.684458956916099623e+02
2.688870748299319757e+02
2.693050340136054501e+02
2.697462131519274635e+02
2.701641723356008811e+02
2.706053514739228945e+02
2.710233106575963689e+02
2.714412698412698433e+02
2.718592290249433177e+02
2.722771882086167921e+02
2.727183673469387486e+02
2.731363265306122230e+02
2.735078458049886763e+02
2.738793650793650727e+02
2.742508843537414691e+02
2.746688435374149435e+02
2.750868027210884179e+02
2.755047619047618923e+02
2.759459410430839057e+02
2.763639002267573801e+02
2.768050793650793935e+02
2.772230385487528110e+02
2.776642176870748244e+02
2.780821768707482988e+02
2.785233560090703122e+02
2.789413151927437866e+02
2.793824943310657432e+02
2.798004535147392176e+02
2.802184126984126920e+02
2.806595918367347053e+02
2.810775510204081797e+02
2.815187301587301363e+02
2.819366893424036107e+02
2.823778684807256241e+02
2.827958276643990985e+02
2.832370068027211119e+02
2.836549659863945294e+02
2.840961451247165428e+02
2.845141043083900172e+02
2.849320634920634916e+02
2.853732426303855050e+02
2.857912018140589794e+02
2.862091609977324538e+02
2.866503401360544103e+02
2.870915192743764237e+02
2.875094784580498981e+02
2.879506575963718547e+02
2.883686167800453291e+02
2.888097959183673424e+02
2.892277551020408168e+02
2.896689342403628302e+02
2.900868934240363046e+02
2.905280725623582612e+02
2.909460317460317356e+02
2.913872108843537490e+02
2.918051700680272234e+02
2.922231292517006978e+02
2.926410884353741721e+02
2.930822675736961287e+02
2.935234467120181421e+02
2.939414058956916165e+02
2.943825850340136299e+02
2.948005442176870474e+02
2.952185034013605218e+02
2.956596825396825352e+02
2.960776417233560096e+02
2.965188208616780230e+02
2.969367800453514974e+02
2.973779591836734539e+02
2.977959183673469283e+02
2.982370975056689417e+02
2.986550566893424161e+02
2.990730158730158905e+02
2.995141950113378471e+02
2.999321541950113215e+02
3.003733333333333348e+02
3.008145124716553482e+02
3.012324716553288226e+02
3.016504308390022402e+02
3.020916099773242536e+02
3.025095691609977280e+02
3.029275283446712024e+02
3.033687074829932158e+02
3.037866666666666902e+02
3.042278458049886467e+02
3.046458049886621211e+02
3.050869841269841345e+02
3.055049433106576089e+02
3.059461224489795654e+02
3.063640816326530398e+02
3.068052607709750532e+02
3.072232199546485276e+02
3.076643990929705410e+02
3.080823582766440154e+02
3.085235374149659719e+02
3.089414965986394463e+02
3.093826757369614597e+02
3.098006349206349341e+02
3.102418140589568907e+02
3.106597732426303651e+02
3.110777324263038395e+02
3.115189115646258529e+02
3.119368707482993273e+02
3.123780498866213406e+02
3.127960090702947582e+02
3.132139682539682326e+02
3.136319274376417070e+02
3.140731065759637204e+02
3.145142857142857338e+02
3.149322448979592082e+02
3.153734240362811647e+02
3.157913832199546391e+02
3.162325623582766525e+02
3.166505215419501269e+02
3.170917006802720834e+02
3.175096598639455578e+02
3.179508390022675712e+02
3.183687981859410456e+02
3.188099773242630590e+02
3.192279365079365334e+02
3.196458956916099510e+02
3.200870748299319644e+02
3.205050340136054388e+02
3.209462131519274521e+02
3.213641723356009265e+02
3.218053514739228831e+02
3.222233106575963575e+02
3.226644897959183709e+02
3.230824489795918453e+02
3.235004081632653197e+02
3.239415873015872762e+02
3.243827664399092896e+02
3.248007256235827640e+02
3.252419047619047774e+02
3.256598639455782518e+02
3.260778231292517262e+02
3.265190022675736827e+02
3.269369614512471571e+02
3.273781405895691705e+02
3.277960997732426449e+02
3.282372789115646015e+02
3.286552380952380759e+02
3.290731972789115503e+02
3.295143764172335636e+02
3.299323356009070380e+02
3.303735147392290514e+02
3.308146938775510080e+02
3.312326530612244824e+02
3.316506122448979568e+02
3.320917913832199702e+02
3.325097505668934446e+02
3.329509297052154011e+02
3.333688888888888755e+02
3.337868480725623499e+02
3.342280272108843633e+02
3.346459863945578377e+02
3.350871655328797942e+02
3.355051247165532686e+02
3.359463038548752820e+02
3.363874829931972954e+02
3.368054421768707698e+02
3.372234013605442442e+02
3.376645804988662007e+02
3.380825396825396751e+02
3.385004988662131495e+02
3.389416780045351629e+02
3.393596371882086373e+02
3.398008163265305939e+02
3.402187755102040683e+02
3.406367346938775427e+02
3.410546938775510171e+02
3.415190929705215694e+02
3.419602721088435260e+02
3.423782312925170004e+02
3.427961904761904748e+02
3.432373696145124882e+02
3.436553287981859626e+02
3.440965079365079191e+02
3.445144671201813935e+02
3.449324263038548679e+02
3.453503854875283423e+02
3.457915646258503557e+02
3.462327437641723122e+02
3.466507029478457866e+02
3.470918820861678000e+02
3.475098412698412744e+02
3.479510204081632878e+02
3.483689795918367622e+02
3.487869387755101798e+02
3.492281179138321932e+02
3.496692970521542065e+02
3.500872562358276809e+02
3.505052154195011553e+02
3.509463945578231119e+02
3.513643537414965863e+02
3.518055328798185997e+02
3.522234920634920741e+02
3.526414512471655485e+02
3.530826303854875050e+02
3.535238095238095184e+02
3.539417687074829928e+02
3.543829478458050062e+02
3.548009070294784806e+02
3.552420861678004371e+02
3.556600453514739115e+02
3.560780045351473859e+02
3.565191836734693993e+02
3.569371428571428737e+02
3.573783219954648303e+02
3.577962811791383047e+02
3.582374603174603180e+02
3.586554195011337924e+02
3.590965986394558058e+02
3.595145578231292234e+02
3.599325170068026978e+02
3.603736961451247112e+02
3.607916553287981856e+02
3.612328344671201990e+02
3.616507936507936734e+02
3.620919727891156299e+02
3.625099319727891043e+02
3.629511111111111177e+02
3.633690702947845921e+02
3.638102494331065486e+02
3.642282086167800230e+02
3.646693877551020364e+02
3.650873469387755108e+02
3.655053061224489852e+02
3.659464852607709986e+02
3.663876643990929551e+02
3.668056235827664295e+02
3.672235827664399039e+02
3.676647619047619173e+02
3.680827210884353917e+02
3.685006802721088661e+02
3.689418594104308227e+02
3.693598185941042971e+02
3.698009977324263104e+02
3.702189569160997848e+02
3.706601360544217414e+02
3.710780952380952158e+02
3.715192743764172292e+02
3.719372335600907036e+02
3.723784126984127170e+02
3.727963718820861914e+02
3.732375510204081479e+02
3.736555102040816223e+02
3.740966893424036357e+02
3.745146485260771101e+02
3.749326077097505845e+02
3.753737868480725410e+02
3.757917460317460154e+02
3.762097052154194898e+02
3.766508843537415032e+02
3.770688435374149776e+02
3.775100226757369342e+02
3.779512018140589475e+02
3.783691609977324219e+02
3.788103401360544353e+02
3.792282993197279097e+02
3.796462585034013841e+02
3.800874376417233407e+02
3.805053968253968151e+02
3.809465759637188285e+02
3.813645351473923029e+02
3.818057142857142594e+02
3.822236734693877338e+02
3.826648526077097472e+02
3.830828117913832216e+02
3.835239909297052350e+02
3.839419501133787094e+02
3.843831292517006659e+02
3.848010884353741403e+02
3.852422675736961537e+02
3.856602267573696281e+02
3.860781859410431025e+02
3.865193650793650590e+02
3.869373242630385334e+02
3.873785034013605468e+02
3.877964625850340212e+02
3.882376417233560346e+02
3.886556009070294522e+02
3.890967800453514656e+02
3.895147392290249400e+02
3.899326984126984144e+02
3.903738775510204277e+02
3.907918367346939021e+02
3.912330158730158587e+02
3.916509750566893331e+02
3.920921541950113465e+02
3.925101133786848209e+02
3.929512925170067774e+02
3.933692517006802518e+02
3.938104308390022652e+02
3.942283900226757396e+02
3.946463492063492140e+02
3.950875283446712274e+02
3.955054875283446449e+02
3.959234467120181193e+02
3.963646258503401327e+02
3.968058049886621461e+02
3.972237641723356205e+02
3.976417233560090949e+02
3.980829024943310515e+02
3.985240816326530648e+02
3.989420408163265392e+02
3.993832199546485526e+02
3.998011791383219702e+02
4.002191383219954446e+02
4.006603174603174580e+02
