6.037188208616780516e-01
2.461315192743763980e+00
4.017052154195011049e+00
5.596009070294784671e+00
7.174965986394557405e+00
8.753922902494331026e+00
1.033287981859410465e+01
1.191183673469387827e+01
1.346757369614512534e+01
1.504653061224489718e+01
1.662548752834467081e+01
1.820444444444444443e+01
1.976018140589569327e+01
2.133913832199546334e+01
2.291809523809523697e+01
2.449705215419501059e+01
2.607600907029478421e+01
2.763174603174603305e+01
2.921070294784580668e+01
3.078965986394557675e+01
3.236861678004535037e+01
3.394757369614512754e+01
3.550331065759637283e+01
3.708226757369614290e+01
3.866122448979592008e+01
4.021696145124716537e+01
4.179591836734693544e+01
4.337487528344671261e+01
4.495383219954648268e+01
4.653278911564625986e+01
4.808852607709750515e+01
4.966748299319728233e+01
5.124643990929705240e+01
5.282539682539682246e+01
5.438113378684807486e+01
5.596009070294784493e+01
5.753904761904762211e+01
5.911800453514739218e+01
6.069696145124716224e+01
6.225269841269841464e+01
6.383165532879818471e+01
6.557315192743763532e+01
6.724498866213151871e+01
6.880072562358276400e+01
7.040290249433105885e+01
7.205151927437641746e+01
7.376979591836735040e+01
7.534875283446712046e+01
7.692770975056689053e+01
7.850666666666666060e+01
8.008562358276644488e+01
8.164136054421769018e+01
8.322031746031746025e+01
8.479927437641723031e+01
8.637823129251700038e+01
8.793396825396825989e+01
8.951292517006802996e+01
9.109188208616780003e+01
9.267083900226757009e+01
9.424979591836734016e+01
9.580553287981859967e+01
9.738448979591836974e+01
9.896344671201813981e+01
1.005424036281179099e+02
1.021213605442176942e+02
1.036770975056689394e+02
1.052560544217687095e+02
1.068350113378684796e+02
1.084139682539682497e+02
1.099697052154194949e+02
1.115486621315192792e+02
1.131276190476190493e+02
1.147065759637188194e+02
1.162623129251700647e+02
1.178412698412698347e+02
1.194202267573696190e+02
1.209991836734693891e+02
1.225549206349206344e+02
1.241338775510204044e+02
1.257128344671201745e+02
1.272917913832199588e+02
1.288707482993197289e+02
1.304264852607709884e+02
1.320286621315192690e+02
1.338398185941043153e+02
1.354187755102040853e+02
1.369977324263038554e+02
1.385534693877551149e+02
1.403878458049886717e+02
1.419668027210884418e+02
1.435457596371882119e+02
1.451014965986394429e+02
1.466804535147392414e+02
