2.484535147392290089e+00
4.017052154195011049e+00
5.317369614512471365e+00
6.571247165532879464e+00
7.825124716553287563e+00
9.079002267573695661e+00
1.030965986394557810e+01
1.156353741496598708e+01
1.284063492063492085e+01
1.411773242630385461e+01
1.539482993197278837e+01
1.667192743764172391e+01
1.797224489795918245e+01
1.922612244897959144e+01
2.048000000000000043e+01
2.178031746031745897e+01
2.305741496598639628e+01
2.433451247165533005e+01
2.561160997732426381e+01
2.679582766439909136e+01
2.804970521541950035e+01
2.935002267573696244e+01
3.065034013605442098e+01
3.185777777777777686e+01
3.318131519274376728e+01
3.448163265306122582e+01
3.564263038548752860e+01
3.698938775510204380e+01
3.835936507936507667e+01
3.968290249433106709e+01
4.100643990929705041e+01
4.232997732426304083e+01
4.367673469387754892e+01
4.504671201814058890e+01
4.637024943310657932e+01
4.774022675736961219e+01
4.906376417233560261e+01
5.036408163265306115e+01
5.168761904761904447e+01
5.305759637188208444e+01
5.435791383219954298e+01
5.563501133786848385e+01
5.677278911564626185e+01
5.791056689342403274e+01
5.918766439909297361e+01
6.051120181405895693e+01
6.178829931972789069e+01
6.306539682539682445e+01
6.431927437641724055e+01
6.557315192743763532e+01
6.682702947845804431e+01
6.819700680272109139e+01
6.954376417233559948e+01
7.086730158730158280e+01
7.216761904761904134e+01
7.346793650793651409e+01
7.476825396825397263e+01
7.597569160997731785e+01
7.725278911564625162e+01
7.850666666666666060e+01
7.973732426303854481e+01
8.099120181405895380e+01
8.224507936507936279e+01
8.354539682539682133e+01
8.475283446712018076e+01
8.600671201814058975e+01
8.726058956916099874e+01
8.856090702947845728e+01
8.981478458049886626e+01
9.104544217687075047e+01
9.229931972789115946e+01
9.357641723356009322e+01
9.483029478458050221e+01
9.610739229024943597e+01
9.731482993197279541e+01
9.852226757369614063e+01
9.979936507936507439e+01
1.010300226757369586e+02
1.022839002267573676e+02
1.036306575963718757e+02
1.049077551020408094e+02
1.060687528344671193e+02
1.074155102040816274e+02
1.087854875283446745e+02
1.101090249433106578e+02
1.114325623582766411e+02
1.128025396825396882e+02
1.141725170068027211e+02
1.155889342403628177e+02
1.169124716553288010e+02
1.182824489795918339e+02
1.196292063492063562e+02
1.210456235827664386e+02
1.223923809523809467e+02
1.237391383219954690e+02
1.250394557823129276e+02
1.262004535147392232e+02
1.274543310657596322e+02
1.286849886621315306e+02
1.299388662131519254e+02
1.312159637188208592e+02
1.325162811791383319e+02
1.337469387755102161e+02
1.350008163265306109e+02
1.362082539682539561e+02
1.374389115646258404e+02
