6.037188208616780516e-01
1.230657596371881990e+00
1.927256235827664366e+00
2.461315192743763980e+00
2.972154195011337929e+00
3.506213151927437544e+00
4.017052154195011049e+00
4.551111111111111107e+00
5.061950113378684613e+00
5.596009070294784671e+00
6.130068027210884729e+00
6.664126984126983899e+00
7.174965986394557405e+00
7.709024943310657463e+00
8.219863945578230968e+00
8.753922902494331026e+00
9.287981859410431085e+00
9.798820861678004590e+00
1.033287981859410465e+01
1.084371882086167815e+01
1.137777777777777821e+01
1.191183673469387827e+01
1.242267573696145178e+01
1.295673469387755183e+01
1.346757369614512534e+01
1.400163265306122362e+01
1.451247165532879890e+01
1.504653061224489718e+01
1.558058956916099724e+01
1.609142857142857252e+01
1.662548752834467081e+01
1.715954648526077264e+01
1.767038548752834615e+01
1.820444444444444443e+01
1.871528344671201793e+01
1.924934240362811622e+01
1.976018140589569327e+01
2.029424036281179156e+01
2.080507936507936506e+01
2.133913832199546334e+01
2.187319727891156518e+01
2.238403628117913868e+01
2.291809523809523697e+01
2.345215419501133880e+01
2.396299319727891231e+01
2.449705215419501059e+01
2.503111111111111242e+01
2.554195011337868593e+01
2.607600907029478421e+01
2.661006802721088604e+01
2.712090702947845955e+01
2.763174603174603305e+01
2.816580498866213134e+01
2.869986394557822962e+01
2.921070294784580668e+01
2.974476190476190496e+01
3.025560090702947846e+01
3.078965986394557675e+01
3.132371882086167858e+01
3.183455782312925209e+01
3.236861678004535037e+01
3.290267573696144865e+01
3.341351473922902215e+01
3.394757369614512754e+01
3.445841269841270105e+01
3.499247165532879933e+01
3.550331065759637283e+01
3.603736961451247112e+01
3.654820861678004462e+01
3.708226757369614290e+01
3.761632653061224829e+01
3.815038548752834657e+01
3.866122448979592008e+01
3.917206349206349358e+01
3.970612244897959187e+01
4.021696145124716537e+01
4.075102040816326365e+01
4.128507936507936193e+01
4.179591836734693544e+01
4.232997732426304083e+01
4.284081632653061433e+01
4.337487528344671261e+01
4.390893424036281090e+01
4.441977324263038440e+01
4.495383219954648268e+01
4.548789115646258807e+01
4.599873015873016158e+01
4.653278911564625986e+01
4.704362811791383336e+01
4.757768707482993165e+01
4.808852607709750515e+01
4.862258503401360343e+01
4.915664399092970172e+01
4.966748299319728233e+01
5.020154195011338061e+01
5.073560090702947889e+01
5.124643990929705240e+01
5.175727891156462590e+01
5.229133786848072418e+01
5.282539682539682246e+01
5.333623582766439597e+01
5.387029478458050136e+01
5.438113378684807486e+01
5.491519274376417314e+01
5.542603174603174665e+01
5.596009070294784493e+01
5.649414965986394321e+01
5.702820861678004860e+01
5.753904761904762211e+01
5.807310657596372039e+01
5.858394557823129389e+01
5.911800453514739218e+01
5.965206349206349046e+01
6.016290249433106396e+01
6.069696145124716224e+01
6.120780045351473575e+01
6.174185941043084114e+01
6.225269841269841464e+01
6.278675736961451292e+01
6.332081632653061121e+01
6.383165532879818471e+01
6.436571428571429010e+01
6.494621315192743793e+01
6.557315192743763532e+01
6.620009070294784692e+01
6.673414965986394520e+01
6.724498866213151871e+01
6.777904761904761699e+01
6.828988662131519050e+01
6.880072562358276400e+01
6.933478458049886228e+01
6.986884353741496057e+01
7.040290249433105885e+01
7.091374149659863235e+01
7.144780045351474485e+01
7.205151927437641746e+01
7.265523809523809007e+01
7.325895691609977689e+01
7.376979591836735040e+01
7.430385487528344868e+01
7.483791383219954696e+01
7.534875283446712046e+01
7.588281179138321875e+01
7.639365079365079225e+01
7.692770975056689053e+01
7.746176870748298882e+01
7.797260770975056232e+01
7.850666666666666060e+01
7.901750566893423411e+01
7.955156462585034660e+01
8.008562358276644488e+01
8.059646258503401839e+01
8.113052154195011667e+01
8.164136054421769018e+01
8.217541950113378846e+01
8.268625850340136196e+01
8.322031746031746025e+01
8.375437641723355853e+01
8.426521541950113203e+01
8.479927437641723031e+01
8.533333333333332860e+01
8.584417233560090210e+01
8.637823129251700038e+01
8.688907029478457389e+01
8.742312925170068638e+01
8.793396825396825989e+01
8.846802721088435817e+01
8.900208616780045645e+01
8.951292517006802996e+01
9.004698412698412824e+01
9.058104308390022652e+01
9.109188208616780003e+01
9.162594104308389831e+01
9.213678004535147181e+01
9.267083900226757009e+01
9.320489795918366838e+01
9.373895691609976666e+01
9.424979591836734016e+01
9.476063492063491367e+01
9.529469387755102616e+01
9.580553287981859967e+01
9.633959183673469795e+01
9.687365079365079623e+01
9.738448979591836974e+01
9.791854875283446802e+01
9.842938775510204152e+01
9.896344671201813981e+01
9.949750566893423809e+01
1.000083446712018116e+02
1.005424036281179099e+02
1.010532426303854834e+02
1.015873015873015817e+02
1.021213605442176942e+02
1.026321995464852677e+02
1.031662585034013659e+02
1.036770975056689394e+02
1.042111564625850377e+02
1.047219954648526112e+02
1.052560544217687095e+02
1.057901133786848078e+02
1.063009523809523813e+02
1.068350113378684796e+02
1.073458503401360531e+02
1.078799092970521514e+02
1.084139682539682497e+02
1.089248072562358232e+02
1.094588662131519214e+02
1.099697052154194949e+02
1.105037641723356074e+02
1.110146031746031809e+02
1.115486621315192792e+02
1.120827210884353775e+02
1.126167800453514758e+02
1.131276190476190493e+02
1.136616780045351476e+02
1.141725170068027211e+02
1.147065759637188194e+02
1.152174149659863929e+02
1.157514739229024912e+02
1.162623129251700647e+02
1.167963718820861629e+02
1.173072108843537364e+02
1.178412698412698347e+02
1.183753287981859472e+02
1.188861678004535207e+02
1.194202267573696190e+02
1.199542857142857173e+02
1.204651247165532908e+02
1.209991836734693891e+02
1.215100226757369626e+02
1.220440816326530609e+02
1.225549206349206344e+02
1.230889795918367327e+02
1.236230385487528309e+02
1.241338775510204044e+02
1.246679365079365027e+02
1.252019954648526010e+02
1.257128344671201745e+02
1.262468934240362870e+02
1.267577324263038605e+02
1.272917913832199588e+02
1.278026303854875323e+02
1.283366893424036164e+02
1.288707482993197289e+02
1.293815873015873024e+02
1.299156462585034149e+02
1.304264852607709884e+02
1.309605442176870724e+02
1.314713832199546459e+02
1.320286621315192690e+02
1.326556009070294806e+02
1.333057596371882028e+02
1.338398185941043153e+02
1.343738775510203993e+02
1.349079365079365118e+02
1.354187755102040853e+02
1.359296145124716588e+02
1.364636734693877429e+02
1.369977324263038554e+02
1.375085714285714289e+02
1.380194104308390024e+02
1.385534693877551149e+02
1.391339682539682485e+02
1.397609070294784601e+02
1.403878458049886717e+02
1.409219047619047558e+02
1.414327437641723293e+02
1.419668027210884418e+02
1.424776417233560153e+02
1.430117006802720994e+02
1.435457596371882119e+02
1.440565986394557854e+02
1.445906575963718694e+02
1.451014965986394429e+02
1.456355555555555554e+02
1.461696145124716679e+02
1.466804535147392414e+02
1.472145124716553255e+02
