5.108390022675737274e-01
1.044897959183673564e+00
1.578956916099773178e+00
2.089795918367347127e+00
2.600634920634920633e+00
3.111473922902494138e+00
3.622312925170068088e+00
4.156371882086167702e+00
4.667210884353741207e+00
5.154829931972789048e+00
5.665668934240362553e+00
6.176507936507936947e+00
6.687346938775510452e+00
7.221405895691609622e+00
7.894784580498866333e+00
8.405623582766439839e+00
8.916462585034013344e+00
9.427301587301586849e+00
9.938140589569160355e+00
1.044897959183673386e+01
1.095981859410430914e+01
1.149387755102040742e+01
1.198149659863945615e+01
1.249233560090702966e+01
1.291029478458049873e+01
1.335147392290249435e+01
1.386231292517006786e+01
1.437315192743764136e+01
1.488399092970521487e+01
1.539482993197278837e+01
1.590566893424036365e+01
1.641650793650793716e+01
1.692734693877551067e+01
1.743818594104308417e+01
1.794902494331065768e+01
1.845986394557823118e+01
1.899392290249432946e+01
1.948154195011337819e+01
1.999238095238095170e+01
2.050321995464852520e+01
2.101405895691609871e+01
2.152489795918367221e+01
2.203573696145124572e+01
2.254657596371881922e+01
2.305741496598639628e+01
2.356825396825396979e+01
2.407909297052154329e+01
2.449705215419501059e+01
2.493823129251700621e+01
2.544907029478457972e+01
2.595990929705215322e+01
2.647074829931972673e+01
2.698158730158730023e+01
2.749242630385487374e+01
2.800326530612244724e+01
2.844444444444444287e+01
2.886240362811791371e+01
2.937324263038548722e+01
2.988408163265306072e+01
3.039492063492063423e+01
3.090575963718820773e+01
3.141659863945578124e+01
3.192743764172335474e+01
3.243827664399093180e+01
3.294911564625850531e+01
3.345995464852607881e+01
3.397079365079365232e+01
3.448163265306122582e+01
3.499247165532879933e+01
3.550331065759637283e+01
3.601414965986394634e+01
3.652498866213151985e+01
3.703582766439909335e+01
3.754666666666666686e+01
3.805750566893424036e+01
3.856834467120181387e+01
3.907918367346938737e+01
3.959002267573696088e+01
4.010086167800453438e+01
4.061170068027210789e+01
4.112253968253968139e+01
4.165659863945577968e+01
4.216743764172335318e+01
4.267827664399092669e+01
4.318911564625850019e+01
4.369995464852607370e+01
4.421079365079365431e+01
4.472163265306122781e+01
4.523247165532880132e+01
4.574331065759637482e+01
4.625414965986394833e+01
4.676498866213152183e+01
4.727582766439909534e+01
4.778666666666666885e+01
4.832072562358276713e+01
4.880834467120181586e+01
4.931918367346938936e+01
4.983002267573696287e+01
5.034086167800453637e+01
5.085170068027210988e+01
5.136253968253968338e+01
5.187337868480725689e+01
5.238421768707483039e+01
5.289505668934240390e+01
5.340589569160997740e+01
5.391673469387755091e+01
5.442757369614512442e+01
5.493841269841269792e+01
5.544925170068027143e+01
5.596009070294784493e+01
5.647092970521541844e+01
5.698176870748299194e+01
5.749260770975056545e+01
5.800344671201813895e+01
5.851428571428571246e+01
5.902512471655328596e+01
5.953596371882085947e+01
6.004680272108843297e+01
6.055764172335600648e+01
6.106848072562357999e+01
6.157931972789115349e+01
6.202049886621315267e+01
6.246167800453514474e+01
6.294929705215419347e+01
6.346013605442176697e+01
6.397097505668934048e+01
6.448181405895691398e+01
6.499265306122448749e+01
6.550349206349206099e+01
6.601433106575963450e+01
6.652517006802720800e+01
6.703600907029478151e+01
6.745396825396825591e+01
6.789514739229025508e+01
6.840598639455782859e+01
6.891682539682540209e+01
6.942766439909297560e+01
6.993850340136054911e+01
7.044934240362812261e+01
7.096018140589569612e+01
7.147102040816326962e+01
7.198185941043084313e+01
7.249269841269841663e+01
7.300353741496599014e+01
7.351437641723356364e+01
7.402521541950113715e+01
7.453605442176871065e+01
7.504689342403628416e+01
7.555773242630385766e+01
7.606857142857143117e+01
7.657941043083900468e+01
7.706702947845805340e+01
7.755464852607710213e+01
7.804226757369615086e+01
7.862276643990929870e+01
7.913360544217687220e+01
7.964444444444444571e+01
8.015528344671201921e+01
8.066612244897959272e+01
8.117696145124716622e+01
8.168780045351473973e+01
8.219863945578231323e+01
8.270947845804988674e+01
8.324353741496598502e+01
8.375437641723355853e+01
8.426521541950113203e+01
8.477605442176870554e+01
8.528689342403627904e+01
8.579773242630385255e+01
8.630857142857142605e+01
8.681941043083899956e+01
8.733024943310657306e+01
8.784108843537414657e+01
8.835192743764172008e+01
8.886276643990929358e+01
8.937360544217686709e+01
8.988444444444444059e+01
9.039528344671201410e+01
9.090612244897958760e+01
9.141696145124716111e+01
9.192780045351473461e+01
9.243863945578230812e+01
9.294947845804988162e+01
9.346031746031745513e+01
9.397115646258502863e+01
9.448199546485260214e+01
9.499283446712017565e+01
9.550367346938774915e+01
9.601451247165532266e+01
9.652535147392289616e+01
9.703619047619046967e+01
9.754702947845804317e+01
9.808108843537415567e+01
9.859192743764172917e+01
9.910276643990930268e+01
9.961360544217687618e+01
1.001244444444444497e+02
1.006352834467120232e+02
1.011461224489795967e+02
1.016569614512471702e+02
1.021678004535147437e+02
1.026786394557823172e+02
1.031894784580498907e+02
1.037003174603174642e+02
1.042111564625850377e+02
1.047219954648526112e+02
1.052328344671201847e+02
1.057436734693877582e+02
1.062545124716553318e+02
1.067653514739229053e+02
1.072761904761904788e+02
1.077870294784580523e+02
1.082978684807256258e+02
1.088087074829931993e+02
1.093195464852607728e+02
1.098303854875283463e+02
1.103412244897959198e+02
1.108520634920634933e+02
1.113629024943310668e+02
1.118737414965986403e+02
1.123845804988662138e+02
1.128954195011337873e+02
1.134062585034013608e+02
1.139170975056689343e+02
1.144279365079365078e+02
1.149387755102040813e+02
1.154496145124716548e+02
1.159604535147392284e+02
1.164248526077097523e+02
1.168892517006802763e+02
1.173304308390022612e+02
1.178412698412698347e+02
1.183521088435374082e+02
1.188629478458049817e+02
1.193737868480725695e+02
1.198846258503401430e+02
1.203954648526077165e+02
1.208598639455782262e+02
1.213010430839002254e+02
1.217654421768707493e+02
1.222762811791383228e+02
1.227871201814058963e+02
1.232979591836734699e+02
1.238087981859410434e+02
1.243196371882086169e+02
1.248304761904761904e+02
1.253413151927437639e+02
1.258521541950113374e+02
1.263629931972789109e+02
1.268738321995464844e+02
1.273846712018140579e+02
1.278955102040816314e+02
1.284063492063492049e+02
1.289171882086167784e+02
1.294280272108843519e+02
1.299388662131519254e+02
1.304264852607709884e+02
1.309605442176870724e+02
1.314713832199546459e+02
1.319822222222222194e+02
1.325162811791383319e+02
1.330271201814059054e+02
1.336076190476190391e+02
1.342113378684807117e+02
1.347221768707482852e+02
1.352330158730158871e+02
1.357438548752834606e+02
1.362546938775510341e+02
1.367655328798186076e+02
1.372763718820861811e+02
1.377872108843537546e+02
1.382980498866213281e+02
1.388088888888889016e+02
1.393197278911564752e+02
1.398305668934240487e+02
1.403414058956916222e+02
1.408522448979591957e+02
1.413630839002267692e+02
1.418739229024943427e+02
1.423847619047619162e+02
1.428956009070294897e+02
1.434064399092970632e+02
1.439172789115646367e+02
1.444281179138322102e+02
1.449389569160997837e+02
1.454497959183673572e+02
1.459606349206349307e+02
1.464714739229025042e+02
1.469823129251700777e+02
1.474931519274376512e+02
1.480039909297052247e+02
1.485148299319727982e+02
1.490256689342403718e+02
1.495132879818594063e+02
1.500473469387755188e+02
1.505581859410430923e+02
1.510690249433106658e+02
1.516030839002267498e+02
1.521139229024943234e+02
1.526247619047618969e+02
1.531356009070294704e+02
1.536464399092970439e+02
1.541572789115646174e+02
1.546681179138321909e+02
1.551789569160997644e+02
1.556897959183673379e+02
1.562006349206349114e+02
1.567114739229024849e+02
1.572223129251700584e+02
1.577099319727891213e+02
1.582439909297052054e+02
1.587548299319727789e+02
1.592656689342403524e+02
1.597765079365079259e+02
1.602873469387754994e+02
1.607981859410430729e+02
1.613090249433106464e+02
1.618198639455782200e+02
1.623074829931972829e+02
1.628183219954648564e+02
1.633523809523809405e+02
1.638632199546485140e+02
1.643740589569160875e+02
1.648848979591836610e+02
1.653957369614512345e+02
1.659297959183673470e+02
1.664406349206349205e+02
1.669282539682539550e+02
1.674390929705215285e+02
1.679499319727891020e+02
1.684375510204081650e+02
1.689483900226757385e+02
1.694824489795918225e+02
1.699700680272108855e+02
1.704809070294784590e+02
1.709917460317460325e+02
1.715258049886621450e+02
1.720366439909297185e+02
1.725474829931972920e+02
1.730583219954648655e+02
1.735691609977324390e+02
1.740800000000000125e+02
1.745908390022675860e+02
1.751016780045351595e+02
1.756125170068027330e+02
1.761233560090703065e+02
1.766574149659863906e+02
1.771914739229025031e+02
1.777023129251700766e+02
1.781899319727891111e+02
1.787007709750566846e+02
1.792116099773242581e+02
1.797224489795918316e+02
1.802100680272108946e+02
1.807209070294784681e+02
1.812549659863945521e+02
1.817658049886621257e+02
1.824391836734693868e+02
1.829500226757369603e+02
1.834608616780045338e+02
1.839717006802721073e+02
1.844825396825396808e+02
1.849933786848072543e+02
1.855042176870748278e+02
1.860150566893424013e+02
1.865258956916099748e+02
1.869902947845804988e+02
1.874546938775510228e+02
1.878958730158730077e+02
1.884067120181405812e+02
1.889175510204081547e+02
1.894283900226757282e+02
1.899392290249433017e+02
