6.037188208616780516e-01
1.927256235827664366e+00
2.972154195011337929e+00
4.017052154195011049e+00
5.061950113378684613e+00
6.130068027210884729e+00
7.174965986394557405e+00
8.219863945578230968e+00
9.287981859410431085e+00
1.033287981859410465e+01
1.137777777777777821e+01
1.242267573696145178e+01
1.346757369614512534e+01
1.451247165532879890e+01
1.558058956916099724e+01
1.662548752834467081e+01
1.767038548752834615e+01
1.871528344671201793e+01
1.976018140589569327e+01
2.080507936507936506e+01
2.187319727891156518e+01
2.291809523809523697e+01
2.396299319727891231e+01
2.503111111111111242e+01
2.607600907029478421e+01
2.712090702947845955e+01
2.816580498866213134e+01
2.921070294784580668e+01
3.025560090702947846e+01
3.132371882086167858e+01
3.236861678004535037e+01
3.341351473922902215e+01
3.445841269841270105e+01
3.550331065759637283e+01
3.654820861678004462e+01
3.761632653061224829e+01
3.866122448979592008e+01
3.970612244897959187e+01
4.075102040816326365e+01
4.179591836734693544e+01
4.284081632653061433e+01
4.390893424036281090e+01
4.495383219954648268e+01
4.599873015873016158e+01
4.704362811791383336e+01
4.808852607709750515e+01
4.915664399092970172e+01
5.020154195011338061e+01
5.124643990929705240e+01
5.229133786848072418e+01
5.333623582766439597e+01
5.438113378684807486e+01
5.542603174603174665e+01
5.649414965986394321e+01
5.753904761904762211e+01
5.858394557823129389e+01
5.965206349206349046e+01
6.069696145124716224e+01
6.174185941043084114e+01
6.278675736961451292e+01
6.383165532879818471e+01
6.494621315192743793e+01
6.620009070294784692e+01
6.724498866213151871e+01
6.828988662131519050e+01
6.933478458049886228e+01
7.040290249433105885e+01
7.144780045351474485e+01
7.265523809523809007e+01
7.376979591836735040e+01
7.483791383219954696e+01
7.588281179138321875e+01
7.692770975056689053e+01
7.797260770975056232e+01
7.901750566893423411e+01
8.008562358276644488e+01
8.113052154195011667e+01
8.217541950113378846e+01
8.322031746031746025e+01
8.426521541950113203e+01
8.533333333333332860e+01
8.637823129251700038e+01
8.742312925170068638e+01
8.846802721088435817e+01
8.951292517006802996e+01
9.058104308390022652e+01
9.162594104308389831e+01
9.267083900226757009e+01
9.373895691609976666e+01
9.476063492063491367e+01
9.580553287981859967e+01
9.687365079365079623e+01
9.791854875283446802e+01
9.896344671201813981e+01
1.000083446712018116e+02
1.010532426303854834e+02
1.021213605442176942e+02
1.031662585034013659e+02
1.042111564625850377e+02
1.052560544217687095e+02
1.063009523809523813e+02
1.073458503401360531e+02
1.084139682539682497e+02
1.094588662131519214e+02
1.105037641723356074e+02
1.115486621315192792e+02
1.126167800453514758e+02
1.136616780045351476e+02
1.147065759637188194e+02
1.157514739229024912e+02
1.167963718820861629e+02
1.178412698412698347e+02
1.188861678004535207e+02
1.199542857142857173e+02
1.209991836734693891e+02
1.220440816326530609e+02
1.230889795918367327e+02
1.241338775510204044e+02
1.252019954648526010e+02
1.262468934240362870e+02
1.272917913832199588e+02
1.283366893424036164e+02
1.293815873015873024e+02
1.304264852607709884e+02
1.314713832199546459e+02
1.326556009070294806e+02
1.338398185941043153e+02
1.349079365079365118e+02
1.359296145124716588e+02
1.369977324263038554e+02
1.380194104308390024e+02
1.391339682539682485e+02
1.403878458049886717e+02
1.414327437641723293e+02
1.424776417233560153e+02
1.435457596371882119e+02
1.445906575963718694e+02
1.456355555555555554e+02
1.466804535147392414e+02
