1.764716553287981826e+00
2.972154195011337929e+00
4.249251700680272137e+00
5.572789115646258118e+00
6.849886621315192770e+00
8.034104308390022098e+00
9.218321995464853202e+00
1.047219954648526041e+01
1.174929705215419418e+01
1.307283446712018105e+01
1.434993197278911481e+01
1.560380952380952380e+01
1.688090702947845756e+01
1.818122448979591965e+01
1.943510204081632509e+01
2.068897959183673407e+01
2.189641723356008995e+01
2.317351473922902372e+01
2.433451247165533005e+01
2.554195011337868593e+01
2.672616780045351348e+01
2.802648526077097557e+01
2.930358276643990934e+01
3.060390022675736788e+01
3.190421768707482997e+01
3.320453514739229206e+01
3.448163265306122582e+01
3.578195011337868436e+01
3.705904761904761813e+01
3.828970521541950234e+01
3.956680272108843610e+01
4.086712018140589464e+01
4.214421768707482840e+01
4.344453514739228694e+01
4.472163265306122781e+01
4.599873015873016158e+01
4.729904761904762012e+01
4.857614512471655388e+01
4.987646258503401242e+01
5.115356009070294618e+01
5.245387755102040472e+01
5.373097505668934559e+01
5.500807256235827936e+01
5.628517006802721312e+01
5.758548752834467166e+01
5.886258503401360542e+01
6.016290249433106396e+01
6.143999999999999773e+01
6.274031746031746337e+01
6.401741496598639003e+01
6.529451247165532379e+01
6.657160997732425756e+01
6.787192743764173031e+01
6.914902494331066407e+01
7.044934240362812261e+01
7.172643990929705637e+01
7.302675736961451491e+01
7.428063492063492390e+01
7.558095238095238244e+01
7.685804988662131620e+01
7.815836734693877474e+01
7.936580498866213418e+01
8.052680272108842985e+01
8.180390022675736361e+01
8.308099773242629738e+01
8.438131519274377013e+01
8.565841269841270389e+01
8.693551020408163765e+01
8.821260770975057142e+01
8.951292517006802996e+01
9.079002267573696372e+01
9.209034013605442226e+01
9.336743764172335602e+01
9.466775510204081456e+01
9.594485260770974833e+01
9.724517006802720687e+01
9.852226757369614063e+01
9.979936507936507439e+01
1.010764625850340082e+02
1.023767800453514809e+02
1.036538775510204147e+02
1.049541950113378732e+02
1.062080725623582822e+02
1.075083900226757407e+02
1.088087074829931993e+02
1.100858049886621330e+02
1.113629024943310668e+02
1.126632199546485253e+02
1.139403174603174591e+02
1.152174149659863929e+02
1.165177324263038514e+02
1.177948299319727852e+02
1.190951473922902437e+02
1.203722448979591775e+02
1.216493424036281112e+02
1.229496598639455840e+02
1.242267573696145178e+02
1.255038548752834515e+02
1.268041723356009101e+02
1.280812698412698296e+02
1.293815873015873024e+02
1.306586848072562361e+02
1.319357823129251699e+02
1.331896598639455647e+02
1.345131972789115764e+02
1.357902947845805102e+02
1.370906122448979545e+02
1.383677097505668883e+02
1.396680272108843610e+02
1.409451247165532948e+02
1.422222222222222285e+02
1.435225396825396729e+02
1.447996371882086066e+02
1.460999546485260794e+02
1.473538321995464742e+02
1.486541496598639469e+02
1.499312471655328807e+02
1.512315646258503534e+02
1.525086621315192872e+02
1.538089795918367315e+02
1.550860770975056653e+02
1.563631746031745990e+02
1.576634920634920718e+02
1.589405895691610056e+02
1.602409070294784499e+02
1.615180045351473836e+02
1.627951020408163174e+02
1.640954195011337902e+02
1.653725170068027239e+02
1.666496145124716577e+02
1.679267120181405915e+02
1.692270294784580358e+02
1.705041269841269980e+02
1.718044444444444423e+02
1.730815419501133761e+02
1.743818594104308488e+02
1.756589569160997826e+02
1.769360544217687163e+02
1.782363718820861607e+02
1.795134693877550944e+02
1.807905668934240282e+02
1.820908843537415009e+02
1.833679818594104347e+02
1.846682993197278790e+02
1.859453968253968128e+02
1.872224943310657466e+02
1.884995918367346803e+02
1.897999092970521531e+02
1.911002267573696258e+02
1.923773242630385596e+02
1.936544217687074934e+02
1.949547392290249377e+02
1.962318367346938714e+02
1.975089342403628052e+02
1.987860317460317390e+02
2.000863492063492117e+02
2.013634467120181455e+02
2.026637641723355898e+02
2.039408616780045236e+02
2.052179591836734573e+02
2.065182766439909301e+02
2.077953741496598639e+02
2.090956916099773366e+02
2.103727891156462704e+02
2.116498866213152041e+02
2.129502040816326485e+02
2.142273015873015822e+02
2.155043990929705160e+02
2.168047165532879887e+02
2.180818140589569225e+02
2.193589115646258563e+02
2.206592290249433006e+02
2.219363265306122344e+02
2.232134240362811681e+02
2.245137414965986409e+02
2.257908390022675746e+02
2.270911564625850474e+02
2.282985941043083926e+02
2.294595918367346883e+02
2.307366893424036220e+02
2.320137868480725558e+02
2.333141043083900286e+02
2.345912018140589623e+02
2.358915192743764067e+02
2.371686167800453404e+02
2.384457142857142742e+02
2.397228117913832079e+02
2.410231292517006807e+02
2.423002267573696145e+02
2.436005442176870872e+02
2.448776417233560210e+02
2.461779591836734653e+02
2.474550566893423991e+02
2.487321541950113328e+02
2.500324716553288056e+02
2.513095691609977393e+02
2.526098866213151837e+02
2.538869841269841174e+02
2.551640816326530512e+02
2.564411791383220134e+02
2.577414965986394577e+02
2.590185941043083631e+02
2.603189115646258642e+02
2.615960090702947696e+02
2.628731065759637318e+02
2.641502040816326371e+02
2.654505215419501383e+02
2.667276190476190436e+02
2.680279365079364879e+02
2.693050340136054501e+02
2.706053514739228945e+02
2.718592290249433177e+02
2.731363265306122230e+02
2.742508843537414691e+02
2.755047619047618923e+02
2.768050793650793935e+02
2.780821768707482988e+02
2.793824943310657432e+02
2.806595918367347053e+02
2.819366893424036107e+02
2.832370068027211119e+02
2.845141043083900172e+02
2.857912018140589794e+02
2.870915192743764237e+02
2.883686167800453291e+02
2.896689342403628302e+02
2.909460317460317356e+02
2.922231292517006978e+02
2.935234467120181421e+02
2.948005442176870474e+02
2.960776417233560096e+02
2.973779591836734539e+02
2.986550566893424161e+02
2.999321541950113215e+02
3.012324716553288226e+02
3.025095691609977280e+02
3.037866666666666902e+02
3.050869841269841345e+02
3.063640816326530398e+02
3.076643990929705410e+02
3.089414965986394463e+02
3.102418140589568907e+02
3.115189115646258529e+02
3.127960090702947582e+02
3.140731065759637204e+02
3.153734240362811647e+02
3.166505215419501269e+02
3.179508390022675712e+02
3.192279365079365334e+02
3.205050340136054388e+02
3.218053514739228831e+02
3.230824489795918453e+02
3.243827664399092896e+02
3.256598639455782518e+02
3.269369614512471571e+02
3.282372789115646015e+02
3.295143764172335636e+02
3.308146938775510080e+02
3.320917913832199702e+02
3.333688888888888755e+02
3.346459863945578377e+02
3.359463038548752820e+02
3.372234013605442442e+02
3.385004988662131495e+02
3.398008163265305939e+02
3.410546938775510171e+02
3.423782312925170004e+02
3.436553287981859626e+02
3.449324263038548679e+02
3.462327437641723122e+02
3.475098412698412744e+02
3.487869387755101798e+02
3.500872562358276809e+02
3.513643537414965863e+02
3.526414512471655485e+02
3.539417687074829928e+02
3.552420861678004371e+02
3.565191836734693993e+02
3.577962811791383047e+02
3.590965986394558058e+02
3.603736961451247112e+02
3.616507936507936734e+02
3.629511111111111177e+02
3.642282086167800230e+02
3.655053061224489852e+02
3.668056235827664295e+02
3.680827210884353917e+02
3.693598185941042971e+02
3.706601360544217414e+02
3.719372335600907036e+02
3.732375510204081479e+02
3.745146485260771101e+02
3.757917460317460154e+02
3.770688435374149776e+02
3.783691609977324219e+02
3.796462585034013841e+02
3.809465759637188285e+02
3.822236734693877338e+02
3.835239909297052350e+02
3.848010884353741403e+02
3.860781859410431025e+02
3.873785034013605468e+02
3.886556009070294522e+02
3.899326984126984144e+02
3.912330158730158587e+02
3.925101133786848209e+02
3.938104308390022652e+02
3.950875283446712274e+02
3.963646258503401327e+02
3.976417233560090949e+02
3.989420408163265392e+02
4.002191383219954446e+02
