5.108390022675737274e-01
2.089795918367347127e+00
3.622312925170068088e+00
5.154829931972789048e+00
6.687346938775510452e+00
8.405623582766439839e+00
9.938140589569160355e+00
1.149387755102040742e+01
1.291029478458049873e+01
1.437315192743764136e+01
1.590566893424036365e+01
1.743818594104308417e+01
1.899392290249432946e+01
2.050321995464852520e+01
2.203573696145124572e+01
2.356825396825396979e+01
2.493823129251700621e+01
2.647074829931972673e+01
2.800326530612244724e+01
2.937324263038548722e+01
3.090575963718820773e+01
3.243827664399093180e+01
3.397079365079365232e+01
3.550331065759637283e+01
3.703582766439909335e+01
3.856834467120181387e+01
4.010086167800453438e+01
4.165659863945577968e+01
4.318911564625850019e+01
4.472163265306122781e+01
4.625414965986394833e+01
4.778666666666666885e+01
4.931918367346938936e+01
5.085170068027210988e+01
5.238421768707483039e+01
5.391673469387755091e+01
5.544925170068027143e+01
5.698176870748299194e+01
5.851428571428571246e+01
6.004680272108843297e+01
6.157931972789115349e+01
6.294929705215419347e+01
6.448181405895691398e+01
6.601433106575963450e+01
6.745396825396825591e+01
6.891682539682540209e+01
7.044934240362812261e+01
7.198185941043084313e+01
7.351437641723356364e+01
7.504689342403628416e+01
7.657941043083900468e+01
7.804226757369615086e+01
7.964444444444444571e+01
8.117696145124716622e+01
8.270947845804988674e+01
8.426521541950113203e+01
8.579773242630385255e+01
8.733024943310657306e+01
8.886276643990929358e+01
9.039528344671201410e+01
9.192780045351473461e+01
9.346031746031745513e+01
9.499283446712017565e+01
9.652535147392289616e+01
9.808108843537415567e+01
9.961360544217687618e+01
1.011461224489795967e+02
1.026786394557823172e+02
1.042111564625850377e+02
1.057436734693877582e+02
1.072761904761904788e+02
1.088087074829931993e+02
1.103412244897959198e+02
1.118737414965986403e+02
1.134062585034013608e+02
1.149387755102040813e+02
1.164248526077097523e+02
1.178412698412698347e+02
1.193737868480725695e+02
1.208598639455782262e+02
1.222762811791383228e+02
1.238087981859410434e+02
1.253413151927437639e+02
1.268738321995464844e+02
1.284063492063492049e+02
1.299388662131519254e+02
1.314713832199546459e+02
1.330271201814059054e+02
1.347221768707482852e+02
1.362546938775510341e+02
1.377872108843537546e+02
1.393197278911564752e+02
1.408522448979591957e+02
1.423847619047619162e+02
1.439172789115646367e+02
1.454497959183673572e+02
1.469823129251700777e+02
1.485148299319727982e+02
1.500473469387755188e+02
1.516030839002267498e+02
1.531356009070294704e+02
1.546681179138321909e+02
1.562006349206349114e+02
1.577099319727891213e+02
1.592656689342403524e+02
1.607981859410430729e+02
1.623074829931972829e+02
1.638632199546485140e+02
1.653957369614512345e+02
1.669282539682539550e+02
1.684375510204081650e+02
1.699700680272108855e+02
1.715258049886621450e+02
1.730583219954648655e+02
1.745908390022675860e+02
1.761233560090703065e+02
1.777023129251700766e+02
1.792116099773242581e+02
1.807209070294784681e+02
1.824391836734693868e+02
1.839717006802721073e+02
1.855042176870748278e+02
1.869902947845804988e+02
1.884067120181405812e+02
1.899392290249433017e+02
