5.108390022675737274e-01
1.578956916099773178e+00
2.600634920634920633e+00
3.622312925170068088e+00
4.667210884353741207e+00
5.665668934240362553e+00
6.687346938775510452e+00
7.894784580498866333e+00
8.916462585034013344e+00
9.938140589569160355e+00
1.095981859410430914e+01
1.198149659863945615e+01
1.291029478458049873e+01
1.386231292517006786e+01
1.488399092970521487e+01
1.590566893424036365e+01
1.692734693877551067e+01
1.794902494331065768e+01
1.899392290249432946e+01
1.999238095238095170e+01
2.101405895691609871e+01
2.203573696145124572e+01
2.305741496598639628e+01
2.407909297052154329e+01
2.493823129251700621e+01
2.595990929705215322e+01
2.698158730158730023e+01
2.800326530612244724e+01
2.886240362811791371e+01
2.988408163265306072e+01
3.090575963718820773e+01
3.192743764172335474e+01
3.294911564625850531e+01
3.397079365079365232e+01
3.499247165532879933e+01
3.601414965986394634e+01
3.703582766439909335e+01
3.805750566893424036e+01
3.907918367346938737e+01
4.010086167800453438e+01
4.112253968253968139e+01
4.216743764172335318e+01
4.318911564625850019e+01
4.421079365079365431e+01
4.523247165532880132e+01
4.625414965986394833e+01
4.727582766439909534e+01
4.832072562358276713e+01
4.931918367346938936e+01
5.034086167800453637e+01
5.136253968253968338e+01
5.238421768707483039e+01
5.340589569160997740e+01
5.442757369614512442e+01
5.544925170068027143e+01
5.647092970521541844e+01
5.749260770975056545e+01
5.851428571428571246e+01
5.953596371882085947e+01
6.055764172335600648e+01
6.157931972789115349e+01
6.246167800453514474e+01
6.346013605442176697e+01
6.448181405895691398e+01
6.550349206349206099e+01
6.652517006802720800e+01
6.745396825396825591e+01
6.840598639455782859e+01
6.942766439909297560e+01
7.044934240362812261e+01
7.147102040816326962e+01
7.249269841269841663e+01
7.351437641723356364e+01
7.453605442176871065e+01
7.555773242630385766e+01
7.657941043083900468e+01
7.755464852607710213e+01
7.862276643990929870e+01
7.964444444444444571e+01
8.066612244897959272e+01
8.168780045351473973e+01
8.270947845804988674e+01
8.375437641723355853e+01
8.477605442176870554e+01
8.579773242630385255e+01
8.681941043083899956e+01
8.784108843537414657e+01
8.886276643990929358e+01
8.988444444444444059e+01
9.090612244897958760e+01
9.192780045351473461e+01
9.294947845804988162e+01
9.397115646258502863e+01
9.499283446712017565e+01
9.601451247165532266e+01
9.703619047619046967e+01
9.808108843537415567e+01
9.910276643990930268e+01
1.001244444444444497e+02
1.011461224489795967e+02
1.021678004535147437e+02
1.031894784580498907e+02
1.042111564625850377e+02
1.052328344671201847e+02
1.062545124716553318e+02
1.072761904761904788e+02
1.082978684807256258e+02
1.093195464852607728e+02
1.103412244897959198e+02
1.113629024943310668e+02
1.123845804988662138e+02
1.134062585034013608e+02
1.144279365079365078e+02
1.154496145124716548e+02
1.164248526077097523e+02
1.173304308390022612e+02
1.183521088435374082e+02
1.193737868480725695e+02
1.203954648526077165e+02
1.213010430839002254e+02
1.222762811791383228e+02
1.232979591836734699e+02
1.243196371882086169e+02
1.253413151927437639e+02
1.263629931972789109e+02
1.273846712018140579e+02
1.284063492063492049e+02
1.294280272108843519e+02
1.304264852607709884e+02
1.314713832199546459e+02
1.325162811791383319e+02
1.336076190476190391e+02
1.347221768707482852e+02
1.357438548752834606e+02
1.367655328798186076e+02
1.377872108843537546e+02
1.388088888888889016e+02
1.398305668934240487e+02
1.408522448979591957e+02
1.418739229024943427e+02
1.428956009070294897e+02
1.439172789115646367e+02
1.449389569160997837e+02
1.459606349206349307e+02
1.469823129251700777e+02
1.480039909297052247e+02
1.490256689342403718e+02
1.500473469387755188e+02
1.510690249433106658e+02
1.521139229024943234e+02
1.531356009070294704e+02
1.541572789115646174e+02
1.551789569160997644e+02
1.562006349206349114e+02
1.572223129251700584e+02
1.582439909297052054e+02
1.592656689342403524e+02
1.602873469387754994e+02
1.613090249433106464e+02
1.623074829931972829e+02
1.633523809523809405e+02
1.643740589569160875e+02
1.653957369614512345e+02
1.664406349206349205e+02
1.674390929705215285e+02
1.684375510204081650e+02
1.694824489795918225e+02
1.704809070294784590e+02
1.715258049886621450e+02
1.725474829931972920e+02
1.735691609977324390e+02
1.745908390022675860e+02
1.756125170068027330e+02
1.766574149659863906e+02
1.777023129251700766e+02
1.787007709750566846e+02
1.797224489795918316e+02
1.807209070294784681e+02
1.817658049886621257e+02
1.829500226757369603e+02
1.839717006802721073e+02
1.849933786848072543e+02
1.860150566893424013e+02
1.869902947845804988e+02
1.878958730158730077e+02
1.889175510204081547e+02
1.899392290249433017e+02
