1.764716553287981826e+00
2.554195011337868415e+00
3.413333333333333552e+00
4.249251700680272137e+00
5.131609977324263383e+00
5.990748299319728076e+00
6.849886621315192770e+00
7.639365079365079580e+00
8.405623582766439839e+00
9.218321995464853202e+00
1.005424036281179134e+01
1.089015873015872948e+01
1.174929705215419418e+01
1.263165532879818542e+01
1.349079365079365012e+01
1.434993197278911481e+01
1.518585034013605473e+01
1.602176870748299464e+01
1.688090702947845756e+01
1.774004535147392403e+01
1.859918367346938695e+01
1.943510204081632509e+01
2.029424036281179156e+01
2.108371882086167659e+01
2.189641723356008995e+01
2.275555555555555642e+01
2.354503401360544146e+01
2.433451247165533005e+01
2.512399092970521508e+01
2.593668934240362844e+01
2.672616780045351348e+01
2.758530612244897995e+01
2.844444444444444287e+01
2.930358276643990934e+01
3.018594104308390058e+01
3.104507936507936350e+01
3.190421768707482997e+01
3.278657596371881766e+01
3.364571428571428413e+01
3.448163265306122582e+01
3.536399092970521707e+01
3.622312925170068354e+01
3.705904761904761813e+01
3.787174603174603504e+01
3.870766439909296963e+01
3.956680272108843610e+01
4.044916099773242735e+01
4.130829931972789382e+01
4.214421768707482840e+01
4.302657596371881965e+01
4.386249433106576134e+01
4.472163265306122781e+01
4.558077097505668718e+01
4.643990929705215365e+01
4.729904761904762012e+01
4.815818594104308659e+01
4.901732426303854595e+01
4.987646258503401242e+01
5.073560090702947889e+01
5.159473922902494536e+01
5.245387755102040472e+01
5.331301587301587119e+01
5.417215419501133766e+01
5.500807256235827936e+01
5.586721088435373872e+01
5.672634920634920519e+01
5.758548752834467166e+01
5.844462585034013813e+01
5.930376417233559749e+01
6.016290249433106396e+01
6.102204081632653043e+01
6.188117913832199690e+01
6.274031746031746337e+01
6.359945578231292274e+01
6.445859410430838921e+01
6.529451247165532379e+01
6.615365079365079737e+01
6.701278911564625673e+01
6.787192743764173031e+01
6.873106575963718967e+01
6.959020408163264904e+01
7.044934240362812261e+01
7.130848072562358198e+01
7.216761904761904134e+01
7.302675736961451491e+01
7.386267573696144950e+01
7.472181405895692308e+01
7.558095238095238244e+01
7.644009070294784181e+01
7.729922902494331538e+01
7.815836734693877474e+01
7.899428571428570933e+01
7.973732426303854481e+01
8.052680272108842985e+01
8.136272108843537865e+01
8.222185941043083801e+01
8.308099773242629738e+01
8.394013605442177095e+01
8.479927437641723031e+01
8.565841269841270389e+01
8.651755102040816325e+01
8.737668934240362262e+01
8.821260770975057142e+01
8.909496598639455556e+01
8.993088435374149014e+01
9.079002267573696372e+01
9.164916099773242308e+01
9.250829931972789666e+01
9.336743764172335602e+01
9.422657596371881539e+01
9.508571428571428896e+01
9.594485260770974833e+01
9.680399092970522190e+01
9.766312925170068127e+01
9.852226757369614063e+01
9.935818594104308943e+01
1.002405442176870736e+02
1.010764625850340082e+02
1.019356009070294817e+02
1.027947392290249411e+02
1.036538775510204147e+02
1.045130158730158740e+02
1.053721541950113334e+02
1.062080725623582822e+02
1.070904308390022663e+02
1.079495691609977257e+02
1.088087074829931993e+02
1.096678458049886586e+02
1.105037641723356074e+02
1.113629024943310668e+02
1.122220408163265262e+02
1.130811791383219997e+02
1.139403174603174591e+02
1.147994557823129185e+02
1.156585941043083920e+02
1.165177324263038514e+02
1.173536507936508002e+02
1.182360090702947844e+02
1.190951473922902437e+02
1.199542857142857173e+02
1.207902040816326519e+02
1.216493424036281112e+02
1.225084807256235848e+02
1.233676190476190442e+02
1.242267573696145178e+02
1.250858956916099771e+02
1.259450340136054365e+02
1.268041723356009101e+02
1.276633106575963694e+02
1.285224489795918430e+02
1.293815873015873024e+02
1.302175056689342512e+02
1.310766439909297105e+02
1.319357823129251699e+02
1.327717006802721187e+02
1.336308390022675781e+02
1.345131972789115764e+02
1.353723356009070358e+02
1.362314739229024951e+02
1.370906122448979545e+02
1.379497505668934139e+02
1.387856689342403627e+02
1.396680272108843610e+02
1.405039455782312814e+02
1.413630839002267692e+02
1.422222222222222285e+02
1.430813605442176879e+02
1.439404988662131473e+02
1.447996371882086066e+02
1.456587755102040944e+02
1.465179138321995538e+02
1.473538321995464742e+02
1.482361904761904725e+02
1.490721088435374213e+02
1.499312471655328807e+02
1.508136054421768790e+02
1.516727437641723384e+02
1.525086621315192872e+02
1.533678004535147466e+02
1.542269387755102059e+02
1.550860770975056653e+02
1.559452154195011246e+02
1.568043537414966124e+02
1.576634920634920718e+02
1.584994104308389922e+02
1.593817687074829905e+02
1.602409070294784499e+02
1.610768253968253987e+02
1.619359637188208580e+02
1.627951020408163174e+02
1.636542403628118052e+02
1.645133786848072646e+02
1.653725170068027239e+02
1.662316553287981833e+02
1.670907936507936427e+02
1.679267120181405915e+02
1.687858503401360508e+02
1.696449886621315102e+02
1.705041269841269980e+02
1.713864852607709679e+02
1.722224036281179167e+02
1.730815419501133761e+02
1.739406802721088354e+02
1.747998185941042948e+02
1.756589569160997826e+02
1.765180952380952419e+02
1.773772335600907013e+02
1.782363718820861607e+02
1.790722902494331095e+02
1.799314285714285688e+02
1.807905668934240282e+02
1.816497052154194876e+02
1.825088435374149753e+02
1.833679818594104347e+02
1.842271201814058941e+02
1.850862585034013534e+02
1.859453968253968128e+02
1.868045351473923006e+02
1.876636734693877600e+02
1.884995918367346803e+02
1.893587301587301681e+02
1.902178684807256275e+02
1.911002267573696258e+02
1.919361451247165462e+02
1.927952834467120056e+02
1.936544217687074934e+02
1.945135600907029527e+02
1.953726984126984121e+02
1.962318367346938714e+02
1.970909750566893308e+02
1.979268934240362796e+02
1.987860317460317390e+02
1.996451700680271983e+02
2.005043083900226861e+02
2.013634467120181455e+02
2.022225850340136049e+02
2.030817233560090642e+02
2.039408616780045236e+02
2.048000000000000114e+02
2.056591383219954707e+02
2.065182766439909301e+02
2.073774149659863895e+02
2.082365532879818488e+02
2.090956916099773366e+02
2.099316099773242570e+02
2.107907482993197164e+02
2.116498866213152041e+02
2.125090249433106635e+02
2.133681632653061229e+02
2.142273015873015822e+02
2.150864399092970416e+02
2.159455782312925294e+02
2.168047165532879887e+02
2.176406349206349091e+02
2.185229931972789075e+02
2.193589115646258563e+02
2.202412698412698546e+02
2.210771882086167750e+02
2.219363265306122344e+02
2.227954648526077222e+02
2.236546031746031815e+02
2.245137414965986409e+02
2.253728798185941002e+02
2.262320181405895596e+02
2.270911564625850474e+02
2.279038548752834572e+02
2.286701133786848175e+02
2.294595918367346883e+02
2.303187301587301477e+02
2.311546485260770964e+02
2.320137868480725558e+02
2.328729251700680152e+02
2.337320634920635030e+02
2.345912018140589623e+02
2.354503401360544217e+02
2.363094784580498811e+02
2.371686167800453404e+02
2.380277551020408282e+02
2.388868934240362876e+02
2.397228117913832079e+02
2.406051700680272063e+02
2.414410884353741551e+02
2.423002267573696145e+02
2.431593650793650738e+02
2.440185034013605332e+02
2.448776417233560210e+02
2.457367800453514803e+02
2.465959183673469397e+02
2.474550566893423991e+02
2.483141950113378584e+02
2.491733333333333462e+02
2.500324716553288056e+02
2.508916099773242649e+02
2.517275283446712137e+02
2.526098866213151837e+02
2.534458049886621325e+02
2.543049433106575918e+02
2.551640816326530512e+02
2.560232199546485390e+02
2.568823582766439699e+02
2.577414965986394577e+02
2.586006349206349455e+02
2.594597732426303764e+02
2.603189115646258642e+02
2.611780498866212952e+02
2.620139682539682440e+02
2.628731065759637318e+02
2.637322448979591627e+02
2.645913832199546505e+02
2.654505215419501383e+02
2.663096598639455692e+02
2.671687981859410570e+02
2.680279365079364879e+02
2.688870748299319757e+02
2.697462131519274635e+02
2.706053514739228945e+02
2.714412698412698433e+02
2.722771882086167921e+02
2.731363265306122230e+02
2.738793650793650727e+02
2.746688435374149435e+02
2.755047619047618923e+02
2.763639002267573801e+02
2.772230385487528110e+02
2.780821768707482988e+02
2.789413151927437866e+02
2.798004535147392176e+02
2.806595918367347053e+02
2.815187301587301363e+02
2.823778684807256241e+02
2.832370068027211119e+02
2.840961451247165428e+02
2.849320634920634916e+02
2.857912018140589794e+02
2.866503401360544103e+02
2.875094784580498981e+02
2.883686167800453291e+02
2.892277551020408168e+02
2.900868934240363046e+02
2.909460317460317356e+02
2.918051700680272234e+02
2.926410884353741721e+02
2.935234467120181421e+02
2.943825850340136299e+02
2.952185034013605218e+02
2.960776417233560096e+02
2.969367800453514974e+02
2.977959183673469283e+02
2.986550566893424161e+02
2.995141950113378471e+02
3.003733333333333348e+02
3.012324716553288226e+02
3.020916099773242536e+02
3.029275283446712024e+02
3.037866666666666902e+02
3.046458049886621211e+02
3.055049433106576089e+02
3.063640816326530398e+02
3.072232199546485276e+02
3.080823582766440154e+02
3.089414965986394463e+02
3.098006349206349341e+02
3.106597732426303651e+02
3.115189115646258529e+02
3.123780498866213406e+02
3.132139682539682326e+02
3.140731065759637204e+02
3.149322448979592082e+02
3.157913832199546391e+02
3.166505215419501269e+02
3.175096598639455578e+02
3.183687981859410456e+02
3.192279365079365334e+02
3.200870748299319644e+02
3.209462131519274521e+02
3.218053514739228831e+02
3.226644897959183709e+02
3.235004081632653197e+02
3.243827664399092896e+02
3.252419047619047774e+02
3.260778231292517262e+02
3.269369614512471571e+02
3.277960997732426449e+02
3.286552380952380759e+02
3.295143764172335636e+02
3.303735147392290514e+02
3.312326530612244824e+02
3.320917913832199702e+02
3.329509297052154011e+02
3.337868480725623499e+02
3.346459863945578377e+02
3.355051247165532686e+02
3.363874829931972954e+02
3.372234013605442442e+02
3.380825396825396751e+02
3.389416780045351629e+02
3.398008163265305939e+02
3.406367346938775427e+02
3.415190929705215694e+02
3.423782312925170004e+02
3.432373696145124882e+02
3.440965079365079191e+02
3.449324263038548679e+02
3.457915646258503557e+02
3.466507029478457866e+02
3.475098412698412744e+02
3.483689795918367622e+02
3.492281179138321932e+02
3.500872562358276809e+02
3.509463945578231119e+02
3.518055328798185997e+02
3.526414512471655485e+02
3.535238095238095184e+02
3.543829478458050062e+02
3.552420861678004371e+02
3.560780045351473859e+02
3.569371428571428737e+02
3.577962811791383047e+02
3.586554195011337924e+02
3.595145578231292234e+02
3.603736961451247112e+02
3.612328344671201990e+02
3.620919727891156299e+02
3.629511111111111177e+02
3.638102494331065486e+02
3.646693877551020364e+02
3.655053061224489852e+02
3.663876643990929551e+02
3.672235827664399039e+02
3.680827210884353917e+02
3.689418594104308227e+02
3.698009977324263104e+02
3.706601360544217414e+02
3.715192743764172292e+02
3.723784126984127170e+02
3.732375510204081479e+02
3.740966893424036357e+02
3.749326077097505845e+02
3.757917460317460154e+02
3.766508843537415032e+02
3.775100226757369342e+02
3.783691609977324219e+02
3.792282993197279097e+02
3.800874376417233407e+02
3.809465759637188285e+02
3.818057142857142594e+02
3.826648526077097472e+02
3.835239909297052350e+02
3.843831292517006659e+02
3.852422675736961537e+02
3.860781859410431025e+02
3.869373242630385334e+02
3.877964625850340212e+02
3.886556009070294522e+02
3.895147392290249400e+02
3.903738775510204277e+02
3.912330158730158587e+02
3.920921541950113465e+02
3.929512925170067774e+02
3.938104308390022652e+02
3.946463492063492140e+02
3.955054875283446449e+02
3.963646258503401327e+02
3.972237641723356205e+02
3.980829024943310515e+02
3.989420408163265392e+02
3.998011791383219702e+02
4.006603174603174580e+02
