2.484535147392290089e+00
3.390113378684807444e+00
4.017052154195011049e+00
4.667210884353741207e+00
5.317369614512471365e+00
5.944308390022675859e+00
6.571247165532879464e+00
7.198185941043083957e+00
7.825124716553287563e+00
8.452063492063492944e+00
9.079002267573695661e+00
9.705941043083900155e+00
1.030965986394557810e+01
1.093659863945578259e+01
1.156353741496598708e+01
1.219047619047618980e+01
1.284063492063492085e+01
1.346757369614512534e+01
1.411773242630385461e+01
1.474467120181405910e+01
1.539482993197278837e+01
1.604498866213151942e+01
1.667192743764172391e+01
1.732208616780045318e+01
1.797224489795918245e+01
1.857596371882086217e+01
1.922612244897959144e+01
1.985306122448979593e+01
2.048000000000000043e+01
2.113015873015872970e+01
2.178031746031745897e+01
2.240725623582766346e+01
2.305741496598639628e+01
2.368435374149659722e+01
2.433451247165533005e+01
2.498467120181405932e+01
2.561160997732426381e+01
2.619210884353741520e+01
2.679582766439909136e+01
2.742276643990929585e+01
2.804970521541950035e+01
2.869986394557822962e+01
2.935002267573696244e+01
3.002340136054421649e+01
3.065034013605442098e+01
3.118439909297052282e+01
3.185777777777777686e+01
3.255437641723356279e+01
3.318131519274376728e+01
3.380825396825397178e+01
3.448163265306122582e+01
3.506213151927437366e+01
3.564263038548752860e+01
3.631600907029478265e+01
3.698938775510204380e+01
3.768598639455782262e+01
3.835936507936507667e+01
3.900952380952381304e+01
3.968290249433106709e+01
4.033306122448979636e+01
4.100643990929705041e+01
4.165659863945577968e+01
4.232997732426304083e+01
4.300335600907029487e+01
4.367673469387754892e+01
4.437333333333333485e+01
4.504671201814058890e+01
4.572009070294784294e+01
4.637024943310657932e+01
4.706684807256235814e+01
4.774022675736961219e+01
4.841360544217687334e+01
4.906376417233560261e+01
4.969070294784580710e+01
5.036408163265306115e+01
5.103746031746031520e+01
5.168761904761904447e+01
5.236099773242630562e+01
5.305759637188208444e+01
5.373097505668934559e+01
5.435791383219954298e+01
5.498485260770974747e+01
5.563501133786848385e+01
5.621551020408163168e+01
5.677278911564626185e+01
5.733006802721088491e+01
5.791056689342403274e+01
5.856072562358276912e+01
5.918766439909297361e+01
5.983782312925170288e+01
6.051120181405895693e+01
6.113814058956916142e+01
6.178829931972789069e+01
6.239201814058957041e+01
6.306539682539682445e+01
6.369233560090702895e+01
6.431927437641724055e+01
6.494621315192743793e+01
6.557315192743763532e+01
6.620009070294784692e+01
6.682702947845804431e+01
6.747718820861678068e+01
6.819700680272109139e+01
6.889360544217687732e+01
6.954376417233559948e+01
7.019392290249433586e+01
7.086730158730158280e+01
7.151746031746031917e+01
7.216761904761904134e+01
7.281777777777777771e+01
7.346793650793651409e+01
7.411809523809523625e+01
7.476825396825397263e+01
7.537197278911564524e+01
7.597569160997731785e+01
7.660263038548752945e+01
7.725278911564625162e+01
7.787972789115646322e+01
7.850666666666666060e+01
7.913360544217687220e+01
7.973732426303854481e+01
8.036426303854875641e+01
8.099120181405895380e+01
8.159492063492064062e+01
8.224507936507936279e+01
8.294167800453514872e+01
8.354539682539682133e+01
8.414911564625850815e+01
8.475283446712018076e+01
8.535655328798185337e+01
8.600671201814058975e+01
8.663365079365078714e+01
8.726058956916099874e+01
8.795718820861678466e+01
8.856090702947845728e+01
8.916462585034012989e+01
8.981478458049886626e+01
9.041850340136053887e+01
9.104544217687075047e+01
9.167238095238094786e+01
9.229931972789115946e+01
9.292625850340135685e+01
9.357641723356009322e+01
9.420335600907029061e+01
9.483029478458050221e+01
9.548045351473922437e+01
9.610739229024943597e+01
9.668789115646258381e+01
9.731482993197279541e+01
9.789532879818594324e+01
9.852226757369614063e+01
9.917242630385487701e+01
9.979936507936507439e+01
1.004495238095238108e+02
1.010300226757369586e+02
1.015873015873015817e+02
1.022839002267573676e+02
1.030037188208616783e+02
1.036306575963718757e+02
1.042575963718820873e+02
1.049077551020408094e+02
1.054882539682539715e+02
1.060687528344671193e+02
1.067421315192743805e+02
1.074155102040816274e+02
1.081121088435374133e+02
1.087854875283446745e+02
1.094356462585033967e+02
1.101090249433106578e+02
1.107591836734693942e+02
1.114325623582766411e+02
1.121291609977324271e+02
1.128025396825396882e+02
1.134759183673469352e+02
1.141725170068027211e+02
1.148691156462585070e+02
1.155889342403628177e+02
1.162390929705215399e+02
1.169124716553288010e+02
1.175858503401360480e+02
1.182824489795918339e+02
1.189790476190476198e+02
1.196292063492063562e+02
1.203025850340136031e+02
1.210456235827664386e+02
1.217190022675736998e+02
1.223923809523809467e+02
1.230657596371882079e+02
1.237391383219954690e+02
1.243892970521541912e+02
1.250394557823129276e+02
1.255735147392290258e+02
1.262004535147392232e+02
1.268273922902494348e+02
1.274543310657596322e+02
1.280580498866213190e+02
1.286849886621315306e+02
1.293119274376417138e+02
1.299388662131519254e+02
1.305658049886621370e+02
1.312159637188208592e+02
1.318893424036281203e+02
1.325162811791383319e+02
1.331432199546485151e+02
1.337469387755102161e+02
1.343738775510203993e+02
1.350008163265306109e+02
1.356045351473922835e+02
1.362082539682539561e+02
1.368119727891156572e+02
1.374389115646258404e+02
1.380658503401360520e+02
