1.857596371882086206e-01
1.904036281179138257e+00
3.575873015873015870e+00
5.270929705215419148e+00
6.942766439909297205e+00
8.614603174603175262e+00
1.030965986394557810e+01
1.198149659863945615e+01
1.349079365079365012e+01
1.518585034013605473e+01
1.685768707482993278e+01
1.855274376417233384e+01
2.024780045351473845e+01
2.191963718820861828e+01
2.361469387755101934e+01
2.528653061224489917e+01
2.679582766439909136e+01
2.830512471655328710e+01
3.009306122448979437e+01
3.176489795918367420e+01
3.325097505668934161e+01
3.487637188208616834e+01
3.654820861678004462e+01
3.824326530612244568e+01
4.010086167800453438e+01
4.179591836734693544e+01
4.349097505668934360e+01
4.518603174603174466e+01
4.688108843537415282e+01
4.855292517006802910e+01
5.024798185941043016e+01
5.194303854875283122e+01
5.361487528344671460e+01
5.549569160997732098e+01
5.719074829931972914e+01
5.886258503401360542e+01
6.055764172335600648e+01
6.225269841269841464e+01
6.392453514739229092e+01
6.561959183673469909e+01
6.729142857142856826e+01
6.880072562358276400e+01
7.028680272108843496e+01
7.209795918367346701e+01
7.374657596371882562e+01
7.527909297052154614e+01
7.688126984126984098e+01
7.855310657596372437e+01
8.022494331065759354e+01
8.210575963718821413e+01
8.377759637188208330e+01
