1.857596371882086206e-01
1.323537414965986425e+00
2.461315192743763980e+00
3.575873015873015870e+00
4.713650793650793425e+00
5.804988662131519206e+00
6.942766439909297205e+00
8.057324263038548651e+00
9.195102040816326650e+00
1.030965986394557810e+01
1.142421768707482954e+01
1.246911564625850311e+01
1.349079365079365012e+01
1.462857142857142811e+01
1.574312925170067956e+01
1.685768707482993278e+01
1.799546485260771078e+01
1.911002267573696045e+01
2.024780045351473845e+01
2.136235827664399167e+01
2.250013605442176967e+01
2.361469387755101934e+01
2.472925170068027256e+01
2.575092970521541957e+01
2.679582766439909136e+01
2.774784580498866049e+01
2.888562358276643849e+01
3.009306122448979437e+01
3.130049886621315025e+01
3.222929705215419460e+01
3.325097505668934161e+01
3.429587301587301340e+01
3.543365079365079140e+01
3.654820861678004462e+01
3.766276643990929784e+01
3.880054421768707584e+01
4.010086167800453438e+01
4.123863945578231238e+01
4.237641723356009038e+01
4.349097505668934360e+01
4.462875283446712160e+01
4.574331065759637482e+01
4.688108843537415282e+01
4.799564625850339894e+01
4.913342403628117694e+01
5.024798185941043016e+01
5.136253968253968338e+01
5.250031746031746138e+01
5.361487528344671460e+01
5.484553287981859171e+01
5.605297052154195114e+01
5.719074829931972914e+01
5.830530612244898236e+01
5.941986394557822848e+01
6.055764172335600648e+01
6.167219954648525970e+01
6.280997732426303770e+01
6.392453514739229092e+01
6.506231292517006182e+01
6.617687074829932214e+01
6.729142857142856826e+01
6.824344671201814094e+01
6.926512471655328795e+01
7.028680272108843496e+01
7.144780045351474485e+01
7.272489795918367861e+01
7.374657596371882562e+01
7.479147392290249741e+01
7.574349206349207009e+01
7.688126984126984098e+01
7.799582766439908710e+01
7.911038548752834743e+01
8.022494331065759354e+01
8.154848072562357686e+01
8.266303854875283719e+01
8.377759637188208330e+01
